0.1 1
0.101391 1
0.102802 1
0.104232 1
0.105682 1
0.107152 1
0.108643 1
0.110154 1
0.111686 1
0.11324 1
0.114815 1
0.116413 1
0.118032 1
0.119674 1
0.121339 1
0.123027 1.00001
0.124738 1.00001
0.126474 1.00001
0.128233 1.00001
0.130017 1.00001
0.131826 1.00001
0.13366 1.00001
0.135519 1.00001
0.137404 1.00001
0.139316 1.00001
0.141254 1.00001
0.143219 1.00001
0.145211 1.00001
0.147231 1.00001
0.149279 1.00001
0.151356 1.00001
0.153462 1.00001
0.155597 1.00001
0.157761 1.00001
0.159956 1.00001
0.162181 1.00001
0.164437 1.00001
0.166725 1.00001
0.169044 1.00001
0.171396 1.00001
0.17378 1.00001
0.176198 1.00001
0.178649 1.00001
0.181134 1.00001
0.183654 1.00001
0.186209 1.00001
0.188799 1.00001
0.191426 1.00001
0.194089 1.00001
0.196789 1.00001
0.199526 1.00001
0.202302 1.00001
0.205116 1.00001
0.20797 1.00001
0.210863 1.00002
0.213796 1.00002
0.21677 1.00002
0.219786 1.00002
0.222844 1.00002
0.225944 1.00002
0.229087 1.00002
0.232274 1.00002
0.235505 1.00002
0.238781 1.00002
0.242103 1.00002
0.245471 1.00002
0.248886 1.00002
0.252348 1.00002
0.255859 1.00002
0.259418 1.00002
0.263027 1.00002
0.266686 1.00002
0.270396 1.00002
0.274157 1.00003
0.277971 1.00003
0.281838 1.00003
0.285759 1.00003
0.289734 1.00003
0.293765 1.00003
0.297852 1.00003
0.301995 1.00003
0.306196 1.00003
0.310456 1.00003
0.314775 1.00003
0.319154 1.00003
0.323594 1.00004
0.328095 1.00004
0.33266 1.00004
0.337287 1.00004
0.341979 1.00004
0.346737 1.00004
0.35156 1.00004
0.356451 1.00004
0.36141 1.00004
0.366438 1.00005
0.371535 1.00005
0.376704 1.00005
0.381944 1.00005
0.387258 1.00005
0.392645 1.00005
0.398107 1.00005
0.403645 1.00005
0.409261 1.00006
0.414954 1.00006
0.420727 1.00006
0.42658 1.00006
0.432514 1.00006
0.438531 1.00006
0.444631 1.00007
0.450817 1.00007
0.457088 1.00007
0.463447 1.00007
0.469894 1.00007
0.476431 1.00008
0.483059 1.00008
0.489779 1.00008
0.496592 1.00008
0.503501 1.00009
0.510505 1.00009
0.517607 1.00009
0.524807 1.00009
0.532108 1.0001
0.539511 1.0001
0.547016 1.0001
0.554626 1.0001
0.562341 1.00011
0.570164 1.00011
0.578096 1.00011
0.586138 1.00012
0.594292 1.00012
0.60256 1.00012
0.610942 1.00013
0.619441 1.00013
0.628058 1.00013
0.636796 1.00014
0.645654 1.00014
0.654636 1.00014
0.663743 1.00015
0.672977 1.00015
0.682339 1.00016
0.691831 1.00016
0.701455 1.00017
0.711214 1.00017
0.721107 1.00018
0.731139 1.00018
0.74131 1.00019
0.751623 1.00019
0.762079 1.0002
0.772681 1.0002
0.78343 1.00021
0.794328 1.00021
0.805378 1.00022
0.816582 1.00023
0.827942 1.00023
0.83946 1.00024
0.851138 1.00024
0.862979 1.00025
0.874984 1.00026
0.887156 1.00027
0.899498 1.00027
0.912011 1.00028
0.924698 1.00029
0.937562 1.0003
0.950605 1.00031
0.963829 1.00031
0.977237 1.00032
0.990832 1.00033
1.00462 1.00034
1.01859 1.00035
1.03276 1.00036
1.04713 1.00037
1.0617 1.00038
1.07647 1.00039
1.09144 1.0004
1.10662 1.00041
1.12202 1.00043
1.13763 1.00044
1.15345 1.00045
1.1695 1.00046
1.18577 1.00047
1.20226 1.00049
1.21899 1.0005
1.23595 1.00052
1.25314 1.00053
1.27057 1.00055
1.28825 1.00056
1.30617 1.00058
1.32434 1.00059
1.34276 1.00061
1.36144 1.00063
1.38038 1.00064
1.39959 1.00066
1.41906 1.00068
1.4388 1.0007
1.45881 1.00072
1.47911 1.00074
1.49968 1.00076
1.52055 1.00078
1.5417 1.0008
1.56315 1.00083
1.58489 1.00085
1.60694 1.00087
1.6293 1.0009
1.65196 1.00092
1.67494 1.00095
1.69824 1.00097
1.72187 1.001
1.74582 1.00103
1.77011 1.00106
1.79473 1.00109
1.8197 1.00112
1.84502 1.00115
1.87068 1.00118
1.89671 1.00122
1.92309 1.00125
1.94984 1.00129
1.97697 1.00132
2.00447 1.00136
2.03236 1.0014
2.06063 1.00144
2.0893 1.00148
2.11836 1.00152
2.14783 1.00156
2.17771 1.0016
2.208 1.00165
2.23872 1.00169
2.26986 1.00174
2.30144 1.00179
2.33346 1.00184
2.36592 1.00189
2.39883 1.00195
2.4322 1.002
2.46604 1.00206
2.50035 1.00212
2.53513 1.00217
2.5704 1.00224
2.60615 1.0023
2.64241 1.00236
2.67917 1.00243
2.71644 1.0025
2.75423 1.00257
2.79254 1.00264
2.83139 1.00271
2.87078 1.00279
2.91072 1.00287
2.95121 1.00295
2.99226 1.00303
3.03389 1.00312
3.0761 1.00321
3.11889 1.0033
3.16228 1.00339
3.20627 1.00348
3.25087 1.00358
3.2961 1.00368
3.34195 1.00379
3.38844 1.00389
3.43558 1.004
3.48337 1.00412
3.53183 1.00423
3.58096 1.00435
3.63078 1.00447
3.68129 1.0046
3.7325 1.00473
3.78443 1.00486
3.83707 1.005
3.89045 1.00514
3.94457 1.00528
3.99945 1.00543
4.05509 1.00559
4.1115 1.00574
4.16869 1.00591
4.22669 1.00607
4.28549 1.00624
4.3451 1.00642
4.40555 1.0066
4.46684 1.00679
4.52898 1.00698
4.59198 1.00718
4.65586 1.00738
4.72063 1.00759
4.7863 1.0078
4.85289 1.00802
4.9204 1.00825
4.98884 1.00848
5.05825 1.00872
5.12861 1.00897
5.19996 1.00923
5.2723 1.00949
5.34564 1.00976
5.42001 1.01003
5.49541 1.01032
5.57186 1.01061
5.64937 1.01091
5.72796 1.01122
5.80764 1.01154
5.88844 1.01187
5.97035 1.0122
6.05341 1.01255
6.13762 1.01291
6.223 1.01327
6.30957 1.01365
6.39735 1.01404
6.48634 1.01444
6.57658 1.01485
6.66807 1.01528
6.76083 1.01571
6.85488 1.01616
6.95024 1.01662
7.04693 1.0171
7.14496 1.01759
7.24436 1.01809
7.34514 1.01861
7.44732 1.01914
7.55092 1.01969
7.65597 1.02025
7.76247 1.02084
7.87046 1.02143
7.97995 1.02205
8.09096 1.02268
8.20352 1.02334
8.31764 1.02401
8.43335 1.0247
8.55067 1.02541
8.66962 1.02615
8.79023 1.0269
8.91251 1.02768
9.03649 1.02848
9.1622 1.02931
9.28966 1.03016
9.4189 1.03103
9.54993 1.03194
9.68278 1.03287
9.81748 1.03382
9.95405 1.03481
10.0925 1.03583
10.2329 1.03687
10.3753 1.03795
10.5196 1.03906
10.666 1.04021
10.8143 1.04139
10.9648 1.04261
11.1173 1.04386
11.272 1.04516
11.4288 1.04649
11.5878 1.04786
11.749 1.04928
11.9124 1.05074
12.0781 1.05225
12.2462 1.05381
12.4165 1.05541
12.5893 1.05707
12.7644 1.05878
12.942 1.06054
13.122 1.06236
13.3045 1.06423
13.4896 1.06617
13.6773 1.06817
13.8676 1.07024
14.0605 1.07237
14.2561 1.07457
14.4544 1.07685
14.6555 1.0792
14.8594 1.08163
15.0661 1.08413
15.2757 1.08673
15.4882 1.08941
15.7036 1.09218
15.9221 1.09504
16.1436 1.09801
16.3682 1.10107
16.5959 1.10424
16.8267 1.10752
17.0608 1.11092
17.2982 1.11443
17.5388 1.11807
17.7828 1.12184
18.0302 1.12574
18.281 1.12978
18.5353 1.13397
18.7932 1.13832
19.0546 1.14282
19.3197 1.14749
19.5884 1.15233
19.8609 1.15736
20.1372 1.16258
20.4174 1.168
20.7014 1.17362
20.9894 1.17947
21.2814 1.18554
21.5774 1.19186
21.8776 1.19842
22.182 1.20525
22.4905 1.21236
22.8034 1.21976
23.1206 1.22747
23.4423 1.23551
23.7684 1.24388
24.0991 1.25261
24.4343 1.26172
24.7742 1.27123
25.1189 1.28116
25.4683 1.29154
25.8226 1.30238
26.1818 1.31373
26.5461 1.3256
26.9153 1.33803
27.2898 1.35105
27.6694 1.3647
28.0543 1.37903
28.4446 1.39406
28.8403 1.40985
29.2415 1.42644
29.6483 1.44389
30.0608 1.46225
30.4789 1.48159
30.903 1.50198
31.3329 1.52347
31.7687 1.54616
32.2107 1.57012
32.6588 1.59544
33.1131 1.62222
33.5738 1.65055
34.0408 1.68055
34.5144 1.71233
34.9945 1.74601
35.4813 1.78171
35.9749 1.81955
36.4754 1.85967
36.9828 1.90219
37.4973 1.9472
38.0189 1.99482
38.5478 2.04509
39.0841 2.09804
39.6278 2.15362
40.1791 2.21168
40.738 2.27195
41.3048 2.33399
41.8794 2.39714
42.462 2.46044
43.0527 2.52261
43.6516 2.58196
44.2588 2.63639
44.8745 2.68341
45.4988 2.72023
46.1318 2.74396
46.7735 2.75189
47.4242 2.74186
48.0839 2.71261
48.7528 2.66403
49.4311 2.59728
50.1187 2.51463
50.8159 2.41913
51.5229 2.31426
52.2396 2.20348
52.9663 2.08996
53.7032 1.97636
54.4503 1.86479
55.2077 1.75677
55.9758 1.65335
56.7545 1.55516
57.544 1.46253
58.3445 1.37555
59.1562 1.29414
59.9791 1.21811
60.8135 1.14721
61.6595 1.08115
62.5173 1.01961
63.387 0.962291
64.2688 0.908876
65.1628 0.859074
66.0693 0.812609
66.9885 0.769221
67.9204 0.728671
68.8652 0.690737
69.8232 0.655215
70.7946 0.62192
71.7794 0.590681
72.778 0.561342
73.7904 0.53376
74.817 0.507806
75.8578 0.483361
76.913 0.460316
77.983 0.438572
79.0679 0.418039
80.1678 0.398632
81.2831 0.380277
82.4138 0.362902
83.5603 0.346444
84.7227 0.330843
85.9014 0.316045
87.0964 0.302
88.308 0.288661
89.5365 0.275985
90.7821 0.263934
92.045 0.252469
93.3254 0.241557
94.6237 0.231166
95.9401 0.221268
97.2747 0.211833
98.6279 0.202838
100 0.194257
101.391 0.18607
102.802 0.178254
104.232 0.170791
105.682 0.163663
107.152 0.156852
108.643 0.150342
110.154 0.144118
111.686 0.138167
113.24 0.132475
114.815 0.127028
116.413 0.121816
118.032 0.116828
119.674 0.112052
121.339 0.10748
123.027 0.1031
124.738 0.0989054
126.474 0.0948868
128.233 0.0910363
130.017 0.0873465
131.826 0.0838101
133.66 0.0804203
135.519 0.0771707
137.404 0.0740552
139.316 0.0710678
141.254 0.0682031
143.219 0.0654557
145.211 0.0628207
147.231 0.0602932
149.279 0.0578686
151.356 0.0555426
153.462 0.053311
155.597 0.05117
157.761 0.0491156
159.956 0.0471443
162.181 0.0452526
164.437 0.0434373
166.725 0.0416951
169.044 0.0400231
171.396 0.0384184
173.78 0.0368782
176.198 0.0353999
178.649 0.0339809
181.134 0.0326189
183.654 0.0313115
186.209 0.0300566
188.799 0.0288519
191.426 0.0276955
194.089 0.0265854
196.789 0.0255197
199.526 0.0244967
202.302 0.0235146
205.116 0.0225718
207.97 0.0216667
210.863 0.0207978
213.796 0.0199637
216.77 0.0191629
219.786 0.0183942
222.844 0.0176561
225.944 0.0169476
229.087 0.0162675
232.274 0.0156145
235.505 0.0149876
238.781 0.0143858
242.103 0.0138081
245.471 0.0132535
248.886 0.0127211
252.348 0.01221
255.859 0.0117193
259.418 0.0112483
263.027 0.0107961
266.686 0.010362
270.396 0.00994534
274.157 0.00954533
277.971 0.00916135
281.838 0.00879276
285.759 0.00843893
289.734 0.00809928
293.765 0.00777325
297.852 0.00746029
301.995 0.00715988
306.196 0.00687152
310.456 0.00659473
314.775 0.00632904
319.154 0.00607402
323.594 0.00582923
328.095 0.00559428
332.66 0.00536875
337.287 0.00515229
341.979 0.00494452
346.737 0.00474511
351.56 0.0045537
356.451 0.00436999
361.41 0.00419367
366.438 0.00402444
371.535 0.00386201
376.704 0.00370612
381.944 0.0035565
387.258 0.00341291
392.645 0.00327509
398.107 0.00314282
403.645 0.00301588
409.261 0.00289405
414.954 0.00277713
420.727 0.00266492
426.58 0.00255723
432.514 0.00245388
438.531 0.0023547
444.631 0.00225951
450.817 0.00216817
457.088 0.0020805
463.447 0.00199638
469.894 0.00191564
476.431 0.00183817
483.059 0.00176382
489.779 0.00169247
496.592 0.001624
503.501 0.0015583
510.505 0.00149524
517.607 0.00143474
524.807 0.00137668
532.108 0.00132096
539.511 0.00126749
547.016 0.00121619
554.626 0.00116695
562.341 0.00111971
570.164 0.00107438
578.096 0.00103087
586.138 0.000989131
594.292 0.000949075
602.56 0.000910639
610.942 0.000873758
619.441 0.000838367
628.058 0.000804409
636.796 0.000771823
645.654 0.000740556
654.636 0.000710554
663.743 0.000681766
672.977 0.000654142
682.339 0.000627637
691.831 0.000602204
701.455 0.000577801
711.214 0.000554385
721.107 0.000531917
731.139 0.000510359
741.31 0.000489673
751.623 0.000469825
762.079 0.000450781
772.681 0.000432508
783.43 0.000414975
794.328 0.000398152
805.378 0.00038201
816.582 0.000366523
827.942 0.000351662
839.46 0.000337404
851.138 0.000323723
862.979 0.000310597
874.984 0.000298002
887.156 0.000285918
899.498 0.000274323
912.011 0.000263198
924.698 0.000252524
937.562 0.000242283
950.605 0.000232456
963.829 0.000223028
977.237 0.000213982
990.832 0.000205303
1004.62 0.000196976
1018.59 0.000188986
1032.76 0.00018132
1047.13 0.000173965
1061.7 0.000166908
1076.47 0.000160137
1091.44 0.000153641
1106.62 0.000147408
1122.02 0.000141428
1137.63 0.00013569
1153.45 0.000130185
1169.5 0.000124903
1185.77 0.000119836
1202.26 0.000114973
1218.99 0.000110309
1235.95 0.000105833
1253.14 0.000101539
1270.57 9.74187e-05
1288.25 9.34659e-05
1306.17 8.96733e-05
1324.34 8.60346e-05
1342.76 8.25435e-05
1361.44 7.9194e-05
1380.38 7.59804e-05
1399.59 7.28971e-05
1419.06 6.99389e-05
1438.8 6.71008e-05
1458.81 6.43777e-05
1479.11 6.17652e-05
1499.68 5.92586e-05
1520.55 5.68537e-05
1541.7 5.45464e-05
1563.15 5.23327e-05
1584.89 5.02089e-05
1606.94 4.81712e-05
1629.3 4.62161e-05
1651.96 4.43405e-05
1674.94 4.25409e-05
1698.24 4.08143e-05
1721.87 3.91578e-05
1745.82 3.75685e-05
1770.11 3.60437e-05
1794.73 3.45808e-05
1819.7 3.31773e-05
1845.02 3.18307e-05
1870.68 3.05387e-05
1896.71 2.92992e-05
1923.09 2.811e-05
1949.84 2.6969e-05
1976.97 2.58743e-05
2004.47 2.48241e-05
2032.36 2.38165e-05
2060.63 2.28498e-05
2089.3 2.19223e-05
2118.36 2.10325e-05
2147.83 2.01787e-05
2177.71 1.93597e-05
2208 1.85738e-05
2238.72 1.78199e-05
2269.86 1.70965e-05
2301.44 1.64025e-05
2333.46 1.57367e-05
2365.92 1.50979e-05
2398.83 1.44851e-05
2432.2 1.38971e-05
2466.04 1.3333e-05
2500.35 1.27917e-05
2535.13 1.22725e-05
2570.4 1.17743e-05
2606.15 1.12963e-05
2642.41 1.08378e-05
2679.17 1.03978e-05
2716.44 9.97573e-06
2754.23 9.57077e-06
2792.54 9.18226e-06
2831.39 8.80951e-06
2870.78 8.45189e-06
2910.72 8.10878e-06
2951.21 7.77961e-06
2992.26 7.4638e-06
3033.89 7.1608e-06
3076.1 6.87011e-06
3118.89 6.59121e-06
3162.28 6.32364e-06
3206.27 6.06693e-06
3250.87 5.82064e-06
3296.1 5.58434e-06
3341.95 5.35764e-06
3388.44 5.14014e-06
3435.58 4.93147e-06
3483.37 4.73127e-06
3531.83 4.5392e-06
3580.96 4.35493e-06
3630.78 4.17813e-06
3681.29 4.00852e-06
3732.5 3.84578e-06
3784.43 3.68966e-06
3837.07 3.53987e-06
3890.45 3.39616e-06
3944.57 3.25829e-06
3999.45 3.12601e-06
4055.09 2.99911e-06
4111.5 2.87735e-06
4168.69 2.76054e-06
4226.69 2.64847e-06
4285.49 2.54095e-06
4345.1 2.43779e-06
4405.55 2.33882e-06
4466.84 2.24387e-06
4528.98 2.15278e-06
4591.98 2.06538e-06
4655.86 1.98153e-06
4720.63 1.90109e-06
4786.3 1.82391e-06
4852.89 1.74986e-06
4920.4 1.67882e-06
4988.84 1.61066e-06
5058.25 1.54527e-06
5128.61 1.48254e-06
5199.96 1.42235e-06
5272.3 1.36461e-06
5345.64 1.30921e-06
5420.01 1.25605e-06
5495.41 1.20506e-06
5571.86 1.15614e-06
5649.37 1.1092e-06
5727.96 1.06417e-06
5807.64 1.02097e-06
5888.44 9.79517e-07
5970.35 9.3975e-07
6053.41 9.01598e-07
6137.62 8.64994e-07
6223 8.29877e-07
6309.57 7.96185e-07
6397.35 7.63861e-07
6486.34 7.3285e-07
6576.58 7.03097e-07
6668.07 6.74553e-07
6760.83 6.47167e-07
6854.88 6.20893e-07
6950.24 5.95685e-07
7046.93 5.71501e-07
7144.96 5.48299e-07
7244.36 5.26039e-07
7345.14 5.04683e-07
7447.32 4.84193e-07
7550.92 4.64536e-07
7655.97 4.45676e-07
7762.47 4.27582e-07
7870.46 4.10223e-07
7979.95 3.93568e-07
8090.96 3.7759e-07
8203.52 3.6226e-07
8317.64 3.47553e-07
8433.35 3.33443e-07
8550.67 3.19905e-07
8669.62 3.06917e-07
8790.23 2.94457e-07
8912.51 2.82502e-07
9036.49 2.71033e-07
9162.2 2.60029e-07
9289.66 2.49473e-07
9418.9 2.39344e-07
9549.93 2.29627e-07
9682.78 2.20304e-07
9817.48 2.1136e-07
9954.05 2.02779e-07
10092.5 1.94547e-07
10232.9 1.86648e-07
10375.3 1.79071e-07
10519.6 1.718e-07
10666 1.64826e-07
10814.3 1.58134e-07
10964.8 1.51714e-07
11117.3 1.45554e-07
11272 1.39645e-07
11428.8 1.33975e-07
11587.8 1.28536e-07
11749 1.23318e-07
11912.4 1.18311e-07
12078.1 1.13508e-07
12246.2 1.08899e-07
12416.5 1.04478e-07
12589.3 1.00237e-07
12764.4 9.6167e-08
12942 9.22627e-08
13122 8.85169e-08
13304.5 8.49232e-08
13489.6 8.14754e-08
13677.3 7.81676e-08
13867.6 7.4994e-08
14060.5 7.19493e-08
14256.1 6.90283e-08
14454.4 6.62258e-08
14655.5 6.35371e-08
14859.4 6.09575e-08
15066.1 5.84827e-08
15275.7 5.61083e-08
15488.2 5.38304e-08
15703.6 5.16449e-08
15922.1 4.95482e-08
16143.6 4.75365e-08
16368.2 4.56066e-08
16595.9 4.3755e-08
16826.7 4.19786e-08
17060.8 4.02743e-08
17298.2 3.86392e-08
17538.8 3.70705e-08
17782.8 3.55654e-08
18030.2 3.41215e-08
18281 3.27362e-08
18535.3 3.14071e-08
18793.2 3.0132e-08
19054.6 2.89087e-08
19319.7 2.7735e-08
19588.4 2.6609e-08
19860.9 2.55287e-08
20137.2 2.44922e-08
20417.4 2.34979e-08
20701.4 2.25439e-08
20989.4 2.16286e-08
21281.4 2.07505e-08
21577.4 1.9908e-08
21877.6 1.90998e-08
22182 1.83244e-08
22490.5 1.75804e-08
22803.4 1.68666e-08
23120.6 1.61819e-08
23442.3 1.55249e-08
23768.4 1.48946e-08
24099.1 1.42899e-08
24434.3 1.37097e-08
24774.2 1.31531e-08
25118.9 1.26191e-08
25468.3 1.21068e-08
25822.6 1.16153e-08
26181.8 1.11437e-08
26546.1 1.06913e-08
26915.3 1.02572e-08
27289.8 9.84077e-09
27669.4 9.44124e-09
28054.3 9.05793e-09
28444.6 8.69019e-09
28840.3 8.33737e-09
29241.5 7.99888e-09
29648.3 7.67413e-09
30060.8 7.36257e-09
30478.9 7.06365e-09
30903 6.77687e-09
31332.9 6.50174e-09
31768.7 6.23777e-09
32210.7 5.98452e-09
32658.8 5.74155e-09
33113.1 5.50845e-09
33573.8 5.28481e-09
34040.8 5.07025e-09
34514.4 4.8644e-09
34994.5 4.66691e-09
35481.3 4.47744e-09
35974.9 4.29566e-09
36475.4 4.12126e-09
36982.8 3.95394e-09
37497.3 3.79341e-09
38018.9 3.6394e-09
38547.8 3.49164e-09
39084.1 3.34988e-09
39627.8 3.21388e-09
40179.1 3.0834e-09
40738 2.95821e-09
41304.8 2.83811e-09
41879.4 2.72289e-09
42462 2.61234e-09
43052.7 2.50628e-09
43651.6 2.40453e-09
44258.8 2.3069e-09
44874.5 2.21325e-09
45498.8 2.12339e-09
46131.8 2.03718e-09
46773.5 1.95447e-09
47424.2 1.87512e-09
48083.9 1.79899e-09
48752.8 1.72596e-09
49431.1 1.65588e-09
50118.7 1.58866e-09
50815.9 1.52416e-09
51522.9 1.46228e-09
52239.6 1.40291e-09
52966.3 1.34595e-09
53703.2 1.29131e-09
54450.3 1.23888e-09
55207.7 1.18858e-09
55975.8 1.14033e-09
56754.5 1.09403e-09
57544 1.04961e-09
58344.5 1.007e-09
59156.2 9.66117e-10
59979.1 9.26893e-10
60813.5 8.89262e-10
61659.5 8.53159e-10
62517.3 8.18521e-10
63387 7.8529e-10
64268.8 7.53407e-10
65162.8 7.22819e-10
66069.3 6.93473e-10
66988.5 6.65319e-10
67920.4 6.38307e-10
68865.2 6.12392e-10
69823.2 5.8753e-10
70794.6 5.63676e-10
71779.4 5.40792e-10
72778 5.18836e-10
73790.4 4.97771e-10
74817 4.77562e-10
75857.8 4.58173e-10
76913 4.39572e-10
77983 4.21726e-10
79067.9 4.04604e-10
80167.8 3.88177e-10
81283.1 3.72417e-10
82413.8 3.57297e-10
83560.3 3.42791e-10
84722.7 3.28874e-10
85901.4 3.15522e-10
87096.4 3.02712e-10
88308 2.90422e-10
89536.5 2.78631e-10
90782.1 2.67319e-10
92045 2.56466e-10
93325.4 2.46054e-10
94623.7 2.36064e-10
95940.1 2.2648e-10
97274.7 2.17285e-10
98627.9 2.08463e-10
100000 2e-10
