0.1 46.0206
0.101391 46.0206
0.102802 46.0206
0.104232 46.0206
0.105682 46.0206
0.107152 46.0206
0.108643 46.0206
0.110154 46.0206
0.111686 46.0206
0.11324 46.0206
0.114815 46.0206
0.116413 46.0206
0.118032 46.0206
0.119674 46.0206
0.121339 46.0206
0.123027 46.0206
0.124738 46.0206
0.126474 46.0206
0.128233 46.0206
0.130017 46.0206
0.131826 46.0206
0.13366 46.0206
0.135519 46.0206
0.137404 46.0206
0.139316 46.0206
0.141254 46.0206
0.143219 46.0206
0.145211 46.0206
0.147231 46.0206
0.149279 46.0206
0.151356 46.0206
0.153462 46.0206
0.155597 46.0206
0.157761 46.0206
0.159956 46.0206
0.162181 46.0206
0.164437 46.0206
0.166725 46.0206
0.169044 46.0206
0.171396 46.0206
0.17378 46.0206
0.176198 46.0206
0.178649 46.0206
0.181134 46.0206
0.183654 46.0206
0.186209 46.0206
0.188799 46.0206
0.191426 46.0206
0.194089 46.0206
0.196789 46.0206
0.199526 46.0206
0.202302 46.0206
0.205116 46.0206
0.20797 46.0206
0.210863 46.0206
0.213796 46.0206
0.21677 46.0206
0.219786 46.0206
0.222844 46.0206
0.225944 46.0206
0.229087 46.0206
0.232274 46.0206
0.235505 46.0206
0.238781 46.0206
0.242103 46.0206
0.245471 46.0206
0.248886 46.0206
0.252348 46.0206
0.255859 46.0206
0.259418 46.0206
0.263027 46.0206
0.266686 46.0206
0.270396 46.0206
0.274157 46.0206
0.277971 46.0206
0.281838 46.0206
0.285759 46.0206
0.289734 46.0206
0.293765 46.0206
0.297852 46.0206
0.301995 46.0206
0.306196 46.0206
0.310456 46.0206
0.314775 46.0206
0.319154 46.0206
0.323594 46.0206
0.328095 46.0206
0.33266 46.0206
0.337287 46.0206
0.341979 46.0206
0.346737 46.0206
0.35156 46.0206
0.356451 46.0206
0.36141 46.0206
0.366438 46.0206
0.371535 46.0206
0.376704 46.0206
0.381944 46.0206
0.387258 46.0206
0.392645 46.0206
0.398107 46.0206
0.403645 46.0206
0.409261 46.0206
0.414954 46.0206
0.420727 46.0206
0.42658 46.0206
0.432514 46.0206
0.438531 46.0206
0.444631 46.0206
0.450817 46.0206
0.457088 46.0206
0.463447 46.0206
0.469894 46.0206
0.476431 46.0206
0.483059 46.0206
0.489779 46.0206
0.496592 46.0206
0.503501 46.0206
0.510505 46.0206
0.517607 46.0206
0.524807 46.0206
0.532108 46.0206
0.539511 46.0206
0.547016 46.0206
0.554626 46.0206
0.562341 46.0206
0.570164 46.0206
0.578096 46.0206
0.586138 46.0206
0.594292 46.0206
0.60256 46.0206
0.610942 46.0206
0.619441 46.0206
0.628058 46.0206
0.636796 46.0206
0.645654 46.0206
0.654636 46.0206
0.663743 46.0206
0.672977 46.0206
0.682339 46.0206
0.691831 46.0206
0.701455 46.0206
0.711214 46.0206
0.721107 46.0206
0.731139 46.0206
0.74131 46.0206
0.751623 46.0206
0.762079 46.0206
0.772681 46.0206
0.78343 46.0206
0.794328 46.0206
0.805378 46.0206
0.816582 46.0206
0.827942 46.0206
0.83946 46.0206
0.851138 46.0206
0.862979 46.0206
0.874984 46.0206
0.887156 46.0206
0.899498 46.0206
0.912011 46.0206
0.924698 46.0206
0.937562 46.0206
0.950605 46.0206
0.963829 46.0206
0.977237 46.0206
0.990832 46.0206
1.00462 46.0206
1.01859 46.0206
1.03276 46.0206
1.04713 46.0206
1.0617 46.0206
1.07647 46.0206
1.09144 46.0206
1.10662 46.0206
1.12202 46.0206
1.13763 46.0206
1.15345 46.0206
1.1695 46.0206
1.18577 46.0206
1.20226 46.0206
1.21899 46.0206
1.23595 46.0206
1.25314 46.0206
1.27057 46.0206
1.28825 46.0206
1.30617 46.0206
1.32434 46.0206
1.34276 46.0206
1.36144 46.0206
1.38038 46.0206
1.39959 46.0206
1.41906 46.0206
1.4388 46.0206
1.45881 46.0206
1.47911 46.0206
1.49968 46.0206
1.52055 46.0206
1.5417 46.0206
1.56315 46.0206
1.58489 46.0206
1.60694 46.0206
1.6293 46.0206
1.65196 46.0206
1.67494 46.0206
1.69824 46.0206
1.72187 46.0206
1.74582 46.0206
1.77011 46.0206
1.79473 46.0206
1.8197 46.0206
1.84502 46.0206
1.87068 46.0206
1.89671 46.0206
1.92309 46.0206
1.94984 46.0206
1.97697 46.0206
2.00447 46.0206
2.03236 46.0206
2.06063 46.0206
2.0893 46.0206
2.11836 46.0206
2.14783 46.0206
2.17771 46.0206
2.208 46.0206
2.23872 46.0206
2.26986 46.0206
2.30144 46.0206
2.33346 46.0206
2.36592 46.0206
2.39883 46.0206
2.4322 46.0206
2.46604 46.0206
2.50035 46.0206
2.53513 46.0206
2.5704 46.0206
2.60615 46.0206
2.64241 46.0206
2.67917 46.0206
2.71644 46.0206
2.75423 46.0206
2.79254 46.0206
2.83139 46.0206
2.87078 46.0206
2.91072 46.0206
2.95121 46.0206
2.99226 46.0206
3.03389 46.0206
3.0761 46.0206
3.11889 46.0206
3.16228 46.0206
3.20627 46.0206
3.25087 46.0206
3.2961 46.0206
3.34195 46.0206
3.38844 46.0206
3.43558 46.0206
3.48337 46.0206
3.53183 46.0206
3.58096 46.0206
3.63078 46.0206
3.68129 46.0206
3.7325 46.0206
3.78443 46.0206
3.83707 46.0206
3.89045 46.0206
3.94457 46.0206
3.99945 46.0206
4.05509 46.0206
4.1115 46.0206
4.16869 46.0206
4.22669 46.0206
4.28549 46.0206
4.3451 46.0206
4.40555 46.0206
4.46684 46.0206
4.52898 46.0206
4.59198 46.0206
4.65586 46.0206
4.72063 46.0206
4.7863 46.0206
4.85289 46.0206
4.9204 46.0206
4.98884 46.0206
5.05825 46.0206
5.12861 46.0206
5.19996 46.0206
5.2723 46.0206
5.34564 46.0206
5.42001 46.0206
5.49541 46.0206
5.57186 46.0206
5.64937 46.0206
5.72796 46.0206
5.80764 46.0206
5.88844 46.0206
5.97035 46.0206
6.05341 46.0206
6.13762 46.0206
6.223 46.0206
6.30957 46.0206
6.39735 46.0206
6.48634 46.0206
6.57658 46.0206
6.66807 46.0206
6.76083 46.0206
6.85488 46.0206
6.95024 46.0206
7.04693 46.0206
7.14496 46.0206
7.24436 46.0206
7.34514 46.0206
7.44732 46.0206
7.55092 46.0206
7.65597 46.0206
7.76247 46.0206
7.87046 46.0206
7.97995 46.0206
8.09096 46.0206
8.20352 46.0206
8.31764 46.0206
8.43335 46.0206
8.55067 46.0206
8.66962 46.0206
8.79023 46.0206
8.91251 46.0206
9.03649 46.0206
9.1622 46.0206
9.28966 46.0206
9.4189 46.0206
9.54993 46.0206
9.68278 46.0206
9.81748 46.0206
9.95405 46.0206
10.0925 46.0206
10.2329 46.0206
10.3753 46.0206
10.5196 46.0206
10.666 46.0206
10.8143 46.0206
10.9648 46.0206
11.1173 46.0206
11.272 46.0206
11.4288 46.0206
11.5878 46.0206
11.749 46.0206
11.9124 46.0206
12.0781 46.0206
12.2462 46.0206
12.4165 46.0206
12.5893 46.0206
12.7644 46.0206
12.942 46.0206
13.122 46.0206
13.3045 46.0206
13.4896 46.0206
13.6773 46.0206
13.8676 46.0206
14.0605 46.0206
14.2561 46.0206
14.4544 46.0206
14.6555 46.0206
14.8594 46.0206
15.0661 46.0206
15.2757 46.0206
15.4882 46.0206
15.7036 46.0206
15.9221 46.0206
16.1436 46.0206
16.3682 46.0206
16.5959 46.0206
16.8267 46.0206
17.0608 46.0206
17.2982 46.0206
17.5388 46.0206
17.7828 46.0206
18.0302 46.0206
18.281 46.0206
18.5353 46.0206
18.7932 46.0206
19.0546 46.0206
19.3197 46.0206
19.5884 46.0206
19.8609 46.0206
20.1372 45.9612
20.4174 45.8412
20.7014 45.7212
20.9894 45.6012
21.2814 45.4812
21.5774 45.3612
21.8776 45.2412
22.182 45.1212
22.4905 45.0012
22.8034 44.8812
23.1206 44.7612
23.4423 44.6412
23.7684 44.5212
24.0991 44.4012
24.4343 44.2812
24.7742 44.1612
25.1189 44.0412
25.4683 43.9212
25.8226 43.8012
26.1818 43.6812
26.5461 43.5612
26.9153 43.4412
27.2898 43.3212
27.6694 43.2012
28.0543 43.0812
28.4446 42.9612
28.8403 42.8412
29.2415 42.7212
29.6483 42.6012
30.0608 42.4812
30.4789 42.3612
30.903 42.2412
31.3329 42.1212
31.7687 42.0012
32.2107 41.8812
32.6588 41.7612
33.1131 41.6412
33.5738 41.5212
34.0408 41.4012
34.5144 41.2812
34.9945 41.1612
35.4813 41.0412
35.9749 40.9212
36.4754 40.8012
36.9828 40.6812
37.4973 40.5612
38.0189 40.4412
38.5478 40.3212
39.0841 40.2012
39.6278 40.0812
40.1791 39.9612
40.738 39.8412
41.3048 39.7212
41.8794 39.6012
42.462 39.4812
43.0527 39.3612
43.6516 39.2412
44.2588 39.1212
44.8745 39.0012
45.4988 38.8812
46.1318 38.7612
46.7735 38.6412
47.4242 38.5212
48.0839 38.4012
48.7528 38.2812
49.4311 38.1612
50.1187 38.0618
50.8159 38.0618
51.5229 38.0618
52.2396 38.0618
52.9663 38.0618
53.7032 38.0618
54.4503 38.0618
55.2077 38.0618
55.9758 38.0618
56.7545 38.0618
57.544 38.0618
58.3445 38.0618
59.1562 38.0618
59.9791 38.0618
60.8135 38.0618
61.6595 38.0618
62.5173 38.0618
63.387 38.0618
64.2688 38.0618
65.1628 38.0618
66.0693 38.0618
66.9885 38.0618
67.9204 38.0618
68.8652 38.0618
69.8232 38.0618
70.7946 38.0618
71.7794 38.0618
72.778 38.0618
73.7904 38.0618
74.817 38.0618
75.8578 38.0618
76.913 38.0618
77.983 38.0618
79.0679 38.0618
80.1678 38.0618
81.2831 38.0618
82.4138 38.0618
83.5603 38.0618
84.7227 38.0618
85.9014 38.0618
87.0964 38.0618
88.308 38.0618
89.5365 38.0618
90.7821 38.0618
92.045 38.0618
93.3254 38.0618
94.6237 38.0618
95.9401 38.0618
97.2747 38.0618
98.6279 38.0618
100 38.0618
101.391 38.0618
102.802 38.0618
104.232 38.0618
105.682 38.0618
107.152 38.0618
108.643 38.0618
110.154 38.0618
111.686 38.0618
113.24 38.0618
114.815 38.0618
116.413 38.0618
118.032 38.0618
119.674 38.0618
121.339 38.0618
123.027 38.0618
124.738 38.0618
126.474 38.0618
128.233 38.0618
130.017 38.0618
131.826 38.0618
133.66 38.0618
135.519 38.0618
137.404 38.0618
139.316 38.0618
141.254 38.0618
143.219 38.0618
145.211 38.0618
147.231 38.0618
149.279 38.0618
151.356 38.0618
153.462 38.0618
155.597 38.0618
157.761 38.0618
159.956 38.0618
162.181 38.0618
164.437 38.0618
166.725 38.0618
169.044 38.0618
171.396 38.0618
173.78 38.0618
176.198 38.0618
178.649 38.0618
181.134 38.0618
183.654 38.0618
186.209 38.0618
188.799 38.0618
191.426 38.0618
194.089 38.0618
196.789 38.0618
199.526 38.0618
202.302 38.0618
205.116 38.0618
207.97 38.0618
210.863 38.0618
213.796 38.0618
216.77 38.0618
219.786 38.0618
222.844 38.0618
225.944 38.0618
229.087 38.0618
232.274 38.0618
235.505 38.0618
238.781 38.0618
242.103 38.0618
245.471 38.0618
248.886 38.0618
252.348 38.0618
255.859 38.0618
259.418 38.0618
263.027 38.0618
266.686 38.0618
270.396 38.0618
274.157 38.0618
277.971 38.0618
281.838 38.0618
285.759 38.0618
289.734 38.0618
293.765 38.0618
297.852 38.0618
301.995 38.0618
306.196 38.0618
310.456 38.0618
314.775 38.0618
319.154 38.0618
323.594 38.0618
328.095 38.0618
332.66 38.0618
337.287 38.0618
341.979 38.0618
346.737 38.0618
351.56 38.0618
356.451 38.0618
361.41 38.0618
366.438 38.0618
371.535 38.0618
376.704 38.0618
381.944 38.0618
387.258 38.0618
392.645 38.0618
398.107 38.0618
403.645 38.0618
409.261 38.0618
414.954 38.0618
420.727 38.0618
426.58 38.0618
432.514 38.0618
438.531 38.0618
444.631 38.0618
450.817 38.0618
457.088 38.0618
463.447 38.0618
469.894 38.0618
476.431 38.0618
483.059 38.0618
489.779 38.0618
496.592 38.0618
503.501 38.0618
510.505 38.0618
517.607 38.0618
524.807 38.0618
532.108 38.0618
539.511 38.0618
547.016 38.0618
554.626 38.0618
562.341 38.0618
570.164 38.0618
578.096 38.0618
586.138 38.0618
594.292 38.0618
602.56 38.0618
610.942 38.0618
619.441 38.0618
628.058 38.0618
636.796 38.0618
645.654 38.0618
654.636 38.0618
663.743 38.0618
672.977 38.0618
682.339 38.0618
691.831 38.0618
701.455 38.0618
711.214 38.0618
721.107 38.0618
731.139 38.0618
741.31 38.0618
751.623 38.0618
762.079 38.0618
772.681 38.0618
783.43 38.0618
794.328 38.0618
805.378 38.0618
816.582 38.0618
827.942 38.0618
839.46 38.0618
851.138 38.0618
862.979 38.0618
874.984 38.0618
887.156 38.0618
899.498 38.0618
912.011 38.0618
924.698 38.0618
937.562 38.0618
950.605 38.0618
963.829 38.0618
977.237 38.0618
990.832 38.0618
1004.62 38.1018
1018.59 38.2218
1032.76 38.3418
1047.13 38.4618
1061.7 38.5818
1076.47 38.7018
1091.44 38.8218
1106.62 38.9418
1122.02 39.0618
1137.63 39.1818
1153.45 39.3018
1169.5 39.4218
1185.77 39.5418
1202.26 39.6618
1218.99 39.7818
1235.95 39.9018
1253.14 40.0218
1270.57 40.1418
1288.25 40.2618
1306.17 40.3818
1324.34 40.5018
1342.76 40.6218
1361.44 40.7418
1380.38 40.8618
1399.59 40.9818
1419.06 41.1018
1438.8 41.2218
1458.81 41.3418
1479.11 41.4618
1499.68 41.5818
1520.55 41.7018
1541.7 41.8218
1563.15 41.9418
1584.89 42.0618
1606.94 42.1818
1629.3 42.3018
1651.96 42.4218
1674.94 42.5418
1698.24 42.6618
1721.87 42.7818
1745.82 42.9018
1770.11 43.0218
1794.73 43.1418
1819.7 43.2618
1845.02 43.3818
1870.68 43.5018
1896.71 43.6218
1923.09 43.7418
1949.84 43.8618
1976.97 43.9818
2004.47 44.1018
2032.36 44.2218
2060.63 44.3418
2089.3 44.4618
2118.36 44.5818
2147.83 44.7018
2177.71 44.8218
2208 44.9418
2238.72 45.0618
2269.86 45.1818
2301.44 45.3018
2333.46 45.4218
2365.92 45.5418
2398.83 45.6618
2432.2 45.7818
2466.04 45.9018
2500.35 46.0218
2535.13 46.1418
2570.4 46.2618
2606.15 46.3818
2642.41 46.5018
2679.17 46.6218
2716.44 46.7418
2754.23 46.8618
2792.54 46.9818
2831.39 47.1018
2870.78 47.2218
2910.72 47.3418
2951.21 47.4618
2992.26 47.5818
3033.89 47.7018
3076.1 47.8218
3118.89 47.9418
3162.28 48.0618
3206.27 48.1818
3250.87 48.3018
3296.1 48.4218
3341.95 48.5418
3388.44 48.6618
3435.58 48.7818
3483.37 48.9018
3531.83 49.0218
3580.96 49.1418
3630.78 49.2618
3681.29 49.3818
3732.5 49.5018
3784.43 49.6218
3837.07 49.7418
3890.45 49.8618
3944.57 49.9818
3999.45 50.1018
4055.09 50.2218
4111.5 50.3418
4168.69 50.4618
4226.69 50.5818
4285.49 50.7018
4345.1 50.8218
4405.55 50.9418
4466.84 51.0618
4528.98 51.1818
4591.98 51.3018
4655.86 51.4218
4720.63 51.5418
4786.3 51.6618
4852.89 51.7818
4920.4 51.9018
4988.84 52.0218
5058.25 52.1418
5128.61 52.2618
5199.96 52.3818
5272.3 52.5018
5345.64 52.6218
5420.01 52.7418
5495.41 52.8618
5571.86 52.9818
5649.37 53.1018
5727.96 53.2218
5807.64 53.3418
5888.44 53.4618
5970.35 53.5818
6053.41 53.7018
6137.62 53.8218
6223 53.9418
6309.57 54.0618
6397.35 54.1818
6486.34 54.3018
6576.58 54.4218
6668.07 54.5418
6760.83 54.6618
6854.88 54.7818
6950.24 54.9018
7046.93 55.0218
7144.96 55.1418
7244.36 55.2618
7345.14 55.3818
7447.32 55.5018
7550.92 55.6218
7655.97 55.7418
7762.47 55.8618
7870.46 55.9818
7979.95 56.1018
8090.96 56.2218
8203.52 56.3418
8317.64 56.4618
8433.35 56.5818
8550.67 56.7018
8669.62 56.8218
8790.23 56.9418
8912.51 57.0618
9036.49 57.1818
9162.2 57.3018
9289.66 57.4218
9418.9 57.5418
9549.93 57.6618
9682.78 57.7818
9817.48 57.9018
9954.05 58.0218
10092.5 58.0618
10232.9 58.0618
10375.3 58.0618
10519.6 58.0618
10666 58.0618
10814.3 58.0618
10964.8 58.0618
11117.3 58.0618
11272 58.0618
11428.8 58.0618
11587.8 58.0618
11749 58.0618
11912.4 58.0618
12078.1 58.0618
12246.2 58.0618
12416.5 58.0618
12589.3 58.0618
12764.4 58.0618
12942 58.0618
13122 58.0618
13304.5 58.0618
13489.6 58.0618
13677.3 58.0618
13867.6 58.0618
14060.5 58.0618
14256.1 58.0618
14454.4 58.0618
14655.5 58.0618
14859.4 58.0618
15066.1 58.0618
15275.7 58.0618
15488.2 58.0618
15703.6 58.0618
15922.1 58.0618
16143.6 58.0618
16368.2 58.0618
16595.9 58.0618
16826.7 58.0618
17060.8 58.0618
17298.2 58.0618
17538.8 58.0618
17782.8 58.0618
18030.2 58.0618
18281 58.0618
18535.3 58.0618
18793.2 58.0618
19054.6 58.0618
19319.7 58.0618
19588.4 58.0618
19860.9 58.0618
20137.2 58.0618
20417.4 58.0618
20701.4 58.0618
20989.4 58.0618
21281.4 58.0618
21577.4 58.0618
21877.6 58.0618
22182 58.0618
22490.5 58.0618
22803.4 58.0618
23120.6 58.0618
23442.3 58.0618
23768.4 58.0618
24099.1 58.0618
24434.3 58.0618
24774.2 58.0618
25118.9 58.0618
25468.3 58.0618
25822.6 58.0618
26181.8 58.0618
26546.1 58.0618
26915.3 58.0618
27289.8 58.0618
27669.4 58.0618
28054.3 58.0618
28444.6 58.0618
28840.3 58.0618
29241.5 58.0618
29648.3 58.0618
30060.8 58.0618
30478.9 58.0618
30903 58.0618
31332.9 58.0618
31768.7 58.0618
32210.7 58.0618
32658.8 58.0618
33113.1 58.0618
33573.8 58.0618
34040.8 58.0618
34514.4 58.0618
34994.5 58.0618
35481.3 58.0618
35974.9 58.0618
36475.4 58.0618
36982.8 58.0618
37497.3 58.0618
38018.9 58.0618
38547.8 58.0618
39084.1 58.0618
39627.8 58.0618
40179.1 58.0618
40738 58.0618
41304.8 58.0618
41879.4 58.0618
42462 58.0618
43052.7 58.0618
43651.6 58.0618
44258.8 58.0618
44874.5 58.0618
45498.8 58.0618
46131.8 58.0618
46773.5 58.0618
47424.2 58.0618
48083.9 58.0618
48752.8 58.0618
49431.1 58.0618
50118.7 58.0618
50815.9 58.0618
51522.9 58.0618
52239.6 58.0618
52966.3 58.0618
53703.2 58.0618
54450.3 58.0618
55207.7 58.0618
55975.8 58.0618
56754.5 58.0618
57544 58.0618
58344.5 58.0618
59156.2 58.0618
59979.1 58.0618
60813.5 58.0618
61659.5 58.0618
62517.3 58.0618
63387 58.0618
64268.8 58.0618
65162.8 58.0618
66069.3 58.0618
66988.5 58.0618
67920.4 58.0618
68865.2 58.0618
69823.2 58.0618
70794.6 58.0618
71779.4 58.0618
72778 58.0618
73790.4 58.0618
74817 58.0618
75857.8 58.0618
76913 58.0618
77983 58.0618
79067.9 58.0618
80167.8 58.0618
81283.1 58.0618
82413.8 58.0618
83560.3 58.0618
84722.7 58.0618
85901.4 58.0618
87096.4 58.0618
88308 58.0618
89536.5 58.0618
90782.1 58.0618
92045 58.0618
93325.4 58.0618
94623.7 58.0618
95940.1 58.0618
97274.7 58.0618
98627.9 58.0618
100000 58.0618
