0.1 2.93149e-05 -0.0286477
0.101391 3.01362e-05 -0.0290462
0.102802 3.09806e-05 -0.0294503
0.104232 3.18485e-05 -0.02986
0.105682 3.27408e-05 -0.0302754
0.107152 3.36581e-05 -0.0306965
0.108643 3.4601e-05 -0.0311236
0.110154 3.55704e-05 -0.0315565
0.111686 3.6567e-05 -0.0319955
0.11324 3.75915e-05 -0.0324406
0.114815 3.86447e-05 -0.0328919
0.116413 3.97273e-05 -0.0333495
0.118032 4.08404e-05 -0.0338134
0.119674 4.19846e-05 -0.0342838
0.121339 4.31608e-05 -0.0347607
0.123027 4.437e-05 -0.0352443
0.124738 4.56131e-05 -0.0357345
0.126474 4.6891e-05 -0.0362316
0.128233 4.82047e-05 -0.0367357
0.130017 4.95553e-05 -0.0372467
0.131826 5.09436e-05 -0.0377648
0.13366 5.23709e-05 -0.0382902
0.135519 5.38381e-05 -0.0388228
0.137404 5.53465e-05 -0.0393629
0.139316 5.68971e-05 -0.0399105
0.141254 5.84911e-05 -0.0404657
0.143219 6.01299e-05 -0.0410286
0.145211 6.18145e-05 -0.0415994
0.147231 6.35463e-05 -0.042178
0.149279 6.53266e-05 -0.0427648
0.151356 6.71569e-05 -0.0433597
0.153462 6.90384e-05 -0.0439629
0.155597 7.09726e-05 -0.0445744
0.157761 7.2961e-05 -0.0451945
0.159956 7.50051e-05 -0.0458232
0.162181 7.71065e-05 -0.0464606
0.164437 7.92667e-05 -0.0471069
0.166725 8.14875e-05 -0.0477622
0.169044 8.37705e-05 -0.0484267
0.171396 8.61174e-05 -0.0491003
0.17378 8.85301e-05 -0.0497833
0.176198 9.10104e-05 -0.0504759
0.178649 9.35602e-05 -0.051178
0.181134 9.61815e-05 -0.05189
0.183654 9.88761e-05 -0.0526118
0.186209 0.000101646 -0.0533436
0.188799 0.000104494 -0.0540857
0.191426 0.000107422 -0.0548381
0.194089 0.000110431 -0.0556009
0.196789 0.000113525 -0.0563744
0.199526 0.000116706 -0.0571586
0.202302 0.000119975 -0.0579537
0.205116 0.000123337 -0.0587598
0.20797 0.000126792 -0.0595772
0.210863 0.000130344 -0.060406
0.213796 0.000133996 -0.0612463
0.21677 0.00013775 -0.0620982
0.219786 0.00014161 -0.062962
0.222844 0.000145577 -0.0638379
0.225944 0.000149656 -0.0647259
0.229087 0.000153849 -0.0656263
0.232274 0.000158159 -0.0665391
0.235505 0.00016259 -0.0674647
0.238781 0.000167145 -0.0684032
0.242103 0.000171828 -0.0693547
0.245471 0.000176642 -0.0703194
0.248886 0.000181591 -0.0712976
0.252348 0.000186679 -0.0722894
0.255859 0.000191909 -0.0732949
0.259418 0.000197285 -0.0743145
0.263027 0.000202813 -0.0753482
0.266686 0.000208495 -0.0763963
0.270396 0.000214336 -0.077459
0.274157 0.000220341 -0.0785364
0.277971 0.000226514 -0.0796289
0.281838 0.000232861 -0.0807365
0.285759 0.000239385 -0.0818595
0.289734 0.000246091 -0.0829982
0.293765 0.000252986 -0.0841527
0.297852 0.000260074 -0.0853232
0.301995 0.00026736 -0.08651
0.306196 0.000274851 -0.0877134
0.310456 0.000282552 -0.0889334
0.314775 0.000290468 -0.0901705
0.319154 0.000298606 -0.0914247
0.323594 0.000306972 -0.0926964
0.328095 0.000315572 -0.0939857
0.33266 0.000324414 -0.095293
0.337287 0.000333503 -0.0966185
0.341979 0.000342847 -0.0979624
0.346737 0.000352452 -0.0993249
0.35156 0.000362327 -0.100706
0.356451 0.000372478 -0.102107
0.36141 0.000382914 -0.103527
0.366438 0.000393642 -0.104967
0.371535 0.000404671 -0.106427
0.376704 0.000416009 -0.107908
0.381944 0.000427664 -0.109408
0.387258 0.000439646 -0.11093
0.392645 0.000451964 -0.112473
0.398107 0.000464626 -0.114037
0.403645 0.000477644 -0.115623
0.409261 0.000491026 -0.117232
0.414954 0.000504784 -0.118862
0.420727 0.000518926 -0.120515
0.42658 0.000533465 -0.122191
0.432514 0.000548412 -0.123891
0.438531 0.000563777 -0.125614
0.444631 0.000579573 -0.127361
0.450817 0.000595811 -0.129132
0.457088 0.000612504 -0.130928
0.463447 0.000629665 -0.132749
0.469894 0.000647307 -0.134595
0.476431 0.000665443 -0.136467
0.483059 0.000684087 -0.138365
0.489779 0.000703254 -0.140289
0.496592 0.000722957 -0.14224
0.503501 0.000743213 -0.144218
0.510505 0.000764037 -0.146224
0.517607 0.000785443 -0.148257
0.524807 0.00080745 -0.150319
0.532108 0.000830073 -0.152409
0.539511 0.00085333 -0.154529
0.547016 0.000877239 -0.156678
0.554626 0.000901818 -0.158856
0.562341 0.000927085 -0.161065
0.570164 0.000953061 -0.163305
0.578096 0.000979764 -0.165576
0.586138 0.00100722 -0.167878
0.594292 0.00103544 -0.170213
0.60256 0.00106445 -0.172579
0.610942 0.00109427 -0.174979
0.619441 0.00112493 -0.177412
0.628058 0.00115645 -0.179879
0.636796 0.00118885 -0.18238
0.645654 0.00122216 -0.184916
0.654636 0.00125641 -0.187487
0.663743 0.00129161 -0.190093
0.672977 0.0013278 -0.192736
0.682339 0.00136501 -0.195416
0.691831 0.00140325 -0.198133
0.701455 0.00144257 -0.200887
0.711214 0.00148299 -0.20368
0.721107 0.00152454 -0.206511
0.731139 0.00156726 -0.209382
0.74131 0.00161118 -0.212293
0.751623 0.00165632 -0.215244
0.762079 0.00170273 -0.218236
0.772681 0.00175044 -0.22127
0.78343 0.00179949 -0.224345
0.794328 0.00184991 -0.227464
0.805378 0.00190175 -0.230625
0.816582 0.00195504 -0.233831
0.827942 0.00200982 -0.237081
0.83946 0.00206613 -0.240376
0.851138 0.00212403 -0.243717
0.862979 0.00218355 -0.247104
0.874984 0.00224473 -0.250538
0.887156 0.00230763 -0.25402
0.899498 0.0023723 -0.25755
0.912011 0.00243877 -0.261129
0.924698 0.00250711 -0.264757
0.937562 0.00257737 -0.268436
0.950605 0.00264959 -0.272166
0.963829 0.00272384 -0.275948
0.977237 0.00280016 -0.279782
0.990832 0.00287863 -0.283669
1.00462 0.0029593 -0.28761
1.01859 0.00304223 -0.291606
1.03276 0.00312748 -0.295657
1.04713 0.00321512 -0.299764
1.0617 0.00330522 -0.303928
1.07647 0.00339785 -0.308149
1.09144 0.00349307 -0.312429
1.10662 0.00359096 -0.316769
1.12202 0.00369159 -0.321168
1.13763 0.00379505 -0.325628
1.15345 0.00390141 -0.33015
1.1695 0.00401074 -0.334735
1.18577 0.00412314 -0.339383
1.20226 0.0042387 -0.344095
1.21899 0.00435749 -0.348873
1.23595 0.00447962 -0.353717
1.25314 0.00460516 -0.358627
1.27057 0.00473423 -0.363606
1.28825 0.00486692 -0.368653
1.30617 0.00500332 -0.37377
1.32434 0.00514355 -0.378958
1.34276 0.00528772 -0.384217
1.36144 0.00543592 -0.389549
1.38038 0.00558828 -0.394955
1.39959 0.00574492 -0.400435
1.41906 0.00590594 -0.405991
1.4388 0.00607149 -0.411623
1.45881 0.00624167 -0.417334
1.47911 0.00641663 -0.423123
1.49968 0.00659649 -0.428991
1.52055 0.0067814 -0.434941
1.5417 0.00697149 -0.440973
1.56315 0.00716692 -0.447088
1.58489 0.00736782 -0.453287
1.60694 0.00757436 -0.459572
1.6293 0.0077867 -0.465943
1.65196 0.00800499 -0.472401
1.67494 0.00822941 -0.478949
1.69824 0.00846012 -0.485586
1.72187 0.0086973 -0.492315
1.74582 0.00894114 -0.499137
1.77011 0.00919181 -0.506052
1.79473 0.00944953 -0.513062
1.8197 0.00971447 -0.520168
1.84502 0.00998685 -0.527372
1.87068 0.0102669 -0.534675
1.89671 0.0105547 -0.542078
1.92309 0.0108507 -0.549582
1.94984 0.011155 -0.55719
1.97697 0.0114678 -0.564901
2.00447 0.0117893 -0.572718
2.03236 0.01212 -0.580642
2.06063 0.0124598 -0.588675
2.0893 0.0128093 -0.596817
2.11836 0.0131685 -0.60507
2.14783 0.0135378 -0.613437
2.17771 0.0139175 -0.621917
2.208 0.0143079 -0.630513
2.23872 0.0147092 -0.639227
2.26986 0.0151218 -0.648059
2.30144 0.015546 -0.657012
2.33346 0.015982 -0.666086
2.36592 0.0164304 -0.675284
2.39883 0.0168913 -0.684607
2.4322 0.0173652 -0.694056
2.46604 0.0178524 -0.703634
2.50035 0.0183533 -0.713342
2.53513 0.0188682 -0.723182
2.5704 0.0193976 -0.733154
2.60615 0.0199419 -0.743262
2.64241 0.0205015 -0.753507
2.67917 0.0210769 -0.76389
2.71644 0.0216683 -0.774413
2.75423 0.0222765 -0.785078
2.79254 0.0229017 -0.795887
2.83139 0.0235445 -0.806842
2.87078 0.0242054 -0.817944
2.91072 0.0248849 -0.829195
2.95121 0.0255834 -0.840598
2.99226 0.0263017 -0.852153
3.03389 0.0270401 -0.863863
3.0761 0.0277993 -0.875731
3.11889 0.0285799 -0.887756
3.16228 0.0293825 -0.899943
3.20627 0.0302076 -0.912292
3.25087 0.031056 -0.924805
3.2961 0.0319282 -0.937485
3.34195 0.032825 -0.950333
3.38844 0.0337471 -0.963353
3.43558 0.0346951 -0.976544
3.48337 0.0356699 -0.98991
3.53183 0.0366721 -1.00345
3.58096 0.0377025 -1.01717
3.63078 0.038762 -1.03108
3.68129 0.0398514 -1.04516
3.7325 0.0409715 -1.05943
3.78443 0.0421231 -1.07389
3.83707 0.0433073 -1.08854
3.89045 0.0445248 -1.10337
3.94457 0.0457767 -1.1184
3.99945 0.0470639 -1.13363
4.05509 0.0483875 -1.14905
4.1115 0.0497484 -1.16468
4.16869 0.0511478 -1.1805
4.22669 0.0525866 -1.19653
4.28549 0.0540662 -1.21277
4.3451 0.0555875 -1.22921
4.40555 0.0571518 -1.24587
4.46684 0.0587604 -1.26274
4.52898 0.0604144 -1.27982
4.59198 0.0621153 -1.29712
4.65586 0.0638642 -1.31464
4.72063 0.0656626 -1.33238
4.7863 0.067512 -1.35034
4.85289 0.0694137 -1.36853
4.9204 0.0713693 -1.38695
4.98884 0.0733803 -1.40559
5.05825 0.0754483 -1.42447
5.12861 0.0775749 -1.44358
5.19996 0.0797618 -1.46293
5.2723 0.0820108 -1.48251
5.34564 0.0843236 -1.50234
5.42001 0.0867021 -1.5224
5.49541 0.0891481 -1.54271
5.57186 0.0916636 -1.56327
5.64937 0.0942507 -1.58407
5.72796 0.0969112 -1.60512
5.80764 0.0996475 -1.62642
5.88844 0.102462 -1.64797
5.97035 0.105356 -1.66978
6.05341 0.108333 -1.69184
6.13762 0.111394 -1.71416
6.223 0.114543 -1.73674
6.30957 0.117782 -1.75957
6.39735 0.121113 -1.78267
6.48634 0.124539 -1.80603
6.57658 0.128063 -1.82965
6.66807 0.131688 -1.85353
6.76083 0.135416 -1.87768
6.85488 0.139251 -1.9021
6.95024 0.143196 -1.92678
7.04693 0.147254 -1.95173
7.14496 0.151428 -1.97694
7.24436 0.155723 -2.00242
7.34514 0.16014 -2.02817
7.44732 0.164684 -2.05418
7.55092 0.169359 -2.08046
7.65597 0.174168 -2.10701
7.76247 0.179116 -2.13382
7.87046 0.184206 -2.1609
7.97995 0.189443 -2.18824
8.09096 0.194832 -2.21584
8.20352 0.200375 -2.2437
8.31764 0.206079 -2.27182
8.43335 0.211948 -2.3002
8.55067 0.217987 -2.32883
8.66962 0.224201 -2.35771
8.79023 0.230595 -2.38684
8.91251 0.237175 -2.41622
9.03649 0.243946 -2.44583
9.1622 0.250914 -2.47568
9.28966 0.258085 -2.50576
9.4189 0.265465 -2.53607
9.54993 0.273061 -2.5666
9.68278 0.280878 -2.59735
9.81748 0.288924 -2.6283
9.95405 0.297206 -2.65946
10.0925 0.30573 -2.69081
10.2329 0.314505 -2.72235
10.3753 0.323538 -2.75406
10.5196 0.332837 -2.78594
10.666 0.34241 -2.81798
10.8143 0.352265 -2.85017
10.9648 0.362412 -2.88249
11.1173 0.372859 -2.91493
11.272 0.383616 -2.94748
11.4288 0.394693 -2.98012
11.5878 0.406098 -3.01285
11.749 0.417844 -3.04563
11.9124 0.429941 -3.07846
12.0781 0.442398 -3.11132
12.2462 0.45523 -3.14418
12.4165 0.468446 -3.17702
12.5893 0.482059 -3.20983
12.7644 0.496083 -3.24258
12.942 0.510529 -3.27524
13.122 0.525413 -3.30778
13.3045 0.540747 -3.34018
13.4896 0.556548 -3.37241
13.6773 0.572829 -3.40443
13.8676 0.589607 -3.4362
14.0605 0.606898 -3.4677
14.2561 0.624719 -3.49887
14.4544 0.643088 -3.52969
14.6555 0.662022 -3.56011
14.8594 0.681541 -3.59007
15.0661 0.701664 -3.61953
15.2757 0.722413 -3.64843
15.4882 0.743807 -3.67673
15.7036 0.765869 -3.70435
15.9221 0.788623 -3.73124
16.1436 0.812091 -3.75733
16.3682 0.836298 -3.78254
16.5959 0.861271 -3.8068
16.8267 0.887035 -3.83003
17.0608 0.913619 -3.85215
17.2982 0.941052 -3.87306
17.5388 0.969364 -3.89266
17.7828 0.998586 -3.91085
18.0302 1.02875 -3.92752
18.281 1.05989 -3.94255
18.5353 1.09205 -3.95582
18.7932 1.12525 -3.9672
19.0546 1.15955 -3.97654
19.3197 1.19497 -3.98369
19.5884 1.23156 -3.98849
19.8609 1.26937 -3.99078
20.1372 1.30844 -3.99036
20.4174 1.34882 -3.98704
20.7014 1.39056 -3.98061
20.9894 1.43371 -3.97085
21.2814 1.47833 -3.95752
21.5774 1.52447 -3.94036
21.8776 1.57219 -3.91911
22.182 1.62157 -3.89346
22.4905 1.67265 -3.8631
22.8034 1.72552 -3.82769
23.1206 1.78025 -3.78687
23.4423 1.8369 -3.74026
23.7684 1.89557 -3.68742
24.0991 1.95633 -3.62792
24.4343 2.01927 -3.56125
24.7742 2.08448 -3.4869
25.1189 2.15207 -3.4043
25.4683 2.22213 -3.31284
25.8226 2.29477 -3.21185
26.1818 2.3701 -3.10061
26.5461 2.44824 -2.97834
26.9153 2.52931 -2.84419
27.2898 2.61344 -2.69725
27.6694 2.70078 -2.53651
28.0543 2.79145 -2.36088
28.4446 2.88561 -2.16916
28.8403 2.98343 -1.96006
29.2415 3.08506 -1.73213
29.6483 3.19067 -1.48381
30.0608 3.30045 -1.21339
30.4789 3.41459 -0.918977
30.903 3.53327 -0.598478
31.3329 3.6567 -0.249598
31.7687 3.78509 0.130204
32.2107 3.91866 0.543741
32.6588 4.05762 0.994133
33.1131 4.20219 1.48484
33.5738 4.35259 2.01972
34.0408 4.50905 2.60305
34.5144 4.67176 3.23963
34.9945 4.84093 3.93479
35.4813 5.01673 4.69451
35.9749 5.1993 5.52545
36.4754 5.38873 6.43508
36.9828 5.58506 7.43176
37.4973 5.78822 8.5248
38.0189 5.99806 9.7246
38.5478 6.21425 11.0427
39.0841 6.43627 12.4919
39.6278 6.66336 14.0863
40.1791 6.89443 15.841
40.738 7.12798 17.7726
41.3048 7.362 19.8982
41.8794 7.59388 22.2354
42.462 7.82027 24.8016
43.0527 8.03701 27.6125
43.6516 8.23899 30.681
44.2588 8.4202 34.0148
44.8745 8.57375 37.6146
45.4988 8.69212 41.4711
46.1318 8.76756 45.563
46.7735 8.79262 49.8552
47.4242 8.7609 54.2992
48.0839 8.66773 58.8351
48.7528 8.51079 63.3949
49.4311 8.29039 67.9086
50.1187 8.00947 72.31
50.8159 7.67318 76.5415
51.5229 7.28823 80.5578
52.2396 6.86217 84.3274
52.9663 6.40275 87.8323
53.7032 5.91733 91.0657
54.4503 5.41259 94.0304
55.2077 4.89429 96.7356
55.9758 4.36728 99.1951
56.7545 3.83552 101.425
57.544 3.30212 103.443
58.3445 2.76954 105.267
59.1562 2.23962 106.914
59.9791 1.71373 108.399
60.8135 1.19287 109.739
61.6595 0.677711 110.946
62.5173 0.168712 112.034
63.387 -0.333868 113.014
64.2688 -0.829905 113.895
65.1628 -1.31938 114.687
66.0693 -1.80237 115.398
66.9885 -2.27898 116.035
67.9204 -2.74937 116.606
68.8652 -3.21375 117.115
69.8232 -3.67232 117.569
70.7946 -4.12531 117.971
71.7794 -4.57294 118.326
72.778 -5.01545 118.639
73.7904 -5.45308 118.912
74.817 -5.88604 119.148
75.8578 -6.31457 119.35
76.913 -6.73888 119.522
77.983 -7.15918 119.664
79.0679 -7.57567 119.78
80.1678 -7.98855 119.871
81.2831 -8.39801 119.94
82.4138 -8.80422 119.986
83.5603 -9.20735 120.013
84.7227 -9.60756 120.022
85.9014 -10.005 120.013
87.0964 -10.3999 119.988
88.308 -10.7922 119.948
89.5365 -11.1823 119.894
90.7821 -11.5701 119.827
92.045 -11.9558 119.747
93.3254 -12.3396 119.656
94.6237 -12.7215 119.555
95.9401 -13.1016 119.443
97.2747 -13.4801 119.322
98.6279 -13.857 119.193
100 -14.2325 119.055
101.391 -14.6065 118.909
102.802 -14.9792 118.756
104.232 -15.3507 118.597
105.682 -15.721 118.431
107.152 -16.0902 118.259
108.643 -16.4584 118.082
110.154 -16.8256 117.9
111.686 -17.1919 117.713
113.24 -17.5574 117.522
114.815 -17.922 117.327
116.413 -18.2859 117.128
118.032 -18.6491 116.925
119.674 -19.0116 116.72
121.339 -19.3735 116.511
123.027 -19.7348 116.3
124.738 -20.0956 116.086
126.474 -20.4559 115.87
128.233 -20.8157 115.652
130.017 -21.1751 115.432
131.826 -21.5341 115.211
133.66 -21.8927 114.988
135.519 -22.2509 114.764
137.404 -22.6089 114.538
139.316 -22.9665 114.312
141.254 -23.3239 114.085
143.219 -23.681 113.857
145.211 -24.0379 113.629
147.231 -24.3946 113.4
149.279 -24.7511 113.171
151.356 -25.1075 112.942
153.462 -25.4637 112.713
155.597 -25.8197 112.484
157.761 -26.1756 112.255
159.956 -26.5314 112.026
162.181 -26.8871 111.798
164.437 -27.2427 111.571
166.725 -27.5983 111.343
169.044 -27.9538 111.117
171.396 -28.3092 110.891
173.78 -28.6646 110.666
176.198 -29.02 110.442
178.649 -29.3753 110.218
181.134 -29.7306 109.996
183.654 -30.0859 109.775
186.209 -30.4412 109.555
188.799 -30.7965 109.335
191.426 -31.1518 109.118
194.089 -31.5072 108.901
196.789 -31.8625 108.686
199.526 -32.2179 108.472
202.302 -32.5733 108.259
205.116 -32.9287 108.048
207.97 -33.2841 107.838
210.863 -33.6396 107.629
213.796 -33.9952 107.423
216.77 -34.3508 107.217
219.786 -34.7064 107.013
222.844 -35.0621 106.811
225.944 -35.4178 106.611
229.087 -35.7736 106.412
232.274 -36.1294 106.214
235.505 -36.4853 106.019
238.781 -36.8413 105.825
242.103 -37.1973 105.632
245.471 -37.5534 105.442
248.886 -37.9095 105.253
252.348 -38.2657 105.066
255.859 -38.622 104.88
259.418 -38.9783 104.696
263.027 -39.3347 104.514
266.686 -39.6911 104.334
270.396 -40.0476 104.156
274.157 -40.4042 103.979
277.971 -40.7608 103.804
281.838 -41.1175 103.63
285.759 -41.4743 103.459
289.734 -41.8311 103.289
293.765 -42.1879 103.121
297.852 -42.5449 102.955
301.995 -42.9019 102.79
306.196 -43.2589 102.628
310.456 -43.6161 102.467
314.775 -43.9732 102.307
319.154 -44.3305 102.15
323.594 -44.6878 101.994
328.095 -45.0451 101.84
332.66 -45.4025 101.687
337.287 -45.76 101.537
341.979 -46.1175 101.388
346.737 -46.4751 101.24
351.56 -46.8327 101.095
356.451 -47.1904 100.951
361.41 -47.5481 100.808
366.438 -47.9059 100.668
371.535 -48.2637 100.529
376.704 -48.6216 100.391
381.944 -48.9795 100.255
387.258 -49.3375 100.121
392.645 -49.6955 99.9883
398.107 -50.0536 99.8572
403.645 -50.4117 99.7277
409.261 -50.7699 99.5997
414.954 -51.1281 99.4733
420.727 -51.4863 99.3484
426.58 -51.8446 99.225
432.514 -52.2029 99.1031
438.531 -52.5613 98.9827
444.631 -52.9197 98.8637
450.817 -53.2782 98.7463
457.088 -53.6366 98.6302
463.447 -53.9952 98.5156
469.894 -54.3537 98.4025
476.431 -54.7123 98.2907
483.059 -55.0709 98.1803
489.779 -55.4296 98.0713
496.592 -55.7883 97.9637
503.501 -56.147 97.8574
510.505 -56.5058 97.7525
517.607 -56.8645 97.6489
524.807 -57.2234 97.5466
532.108 -57.5822 97.4456
539.511 -57.9411 97.3459
547.016 -58.3 97.2474
554.626 -58.6589 97.1502
562.341 -59.0179 97.0543
570.164 -59.3769 96.9596
578.096 -59.7359 96.8661
586.138 -60.0949 96.7738
594.292 -60.454 96.6827
602.56 -60.8131 96.5927
610.942 -61.1722 96.504
619.441 -61.5313 96.4163
628.058 -61.8905 96.3299
636.796 -62.2496 96.2445
645.654 -62.6088 96.1603
654.636 -62.9681 96.0771
663.743 -63.3273 95.9951
672.977 -63.6866 95.9141
682.339 -64.0458 95.8341
691.831 -64.4051 95.7553
701.455 -64.7644 95.6774
711.214 -65.1238 95.6006
721.107 -65.4831 95.5248
731.139 -65.8425 95.45
741.31 -66.2019 95.3761
751.623 -66.5613 95.3033
762.079 -66.9207 95.2314
772.681 -67.2801 95.1605
783.43 -67.6396 95.0905
794.328 -67.999 95.0214
805.378 -68.3585 94.9532
816.582 -68.718 94.886
827.942 -69.0775 94.8196
839.46 -69.437 94.7542
851.138 -69.7965 94.6896
862.979 -70.1561 94.6258
874.984 -70.5156 94.5629
887.156 -70.8752 94.5009
899.498 -71.2348 94.4397
912.011 -71.5943 94.3793
924.698 -71.9539 94.3197
937.562 -72.3136 94.2609
950.605 -72.6732 94.2029
963.829 -73.0328 94.1456
977.237 -73.3924 94.0892
990.832 -73.7521 94.0335
1004.62 -74.1117 93.9785
1018.59 -74.4714 93.9243
1032.76 -74.8311 93.8708
1047.13 -75.1908 93.818
1061.7 -75.5505 93.766
1076.47 -75.9102 93.7146
1091.44 -76.2699 93.664
1106.62 -76.6296 93.614
1122.02 -76.9893 93.5647
1137.63 -77.3491 93.516
1153.45 -77.7088 93.468
1169.5 -78.0685 93.4207
1185.77 -78.4283 93.374
1202.26 -78.788 93.3279
1218.99 -79.1478 93.2825
1235.95 -79.5076 93.2376
1253.14 -79.8674 93.1934
1270.57 -80.2271 93.1498
1288.25 -80.5869 93.1068
1306.17 -80.9467 93.0643
1324.34 -81.3065 93.0224
1342.76 -81.6663 92.9811
1361.44 -82.0262 92.9404
1380.38 -82.386 92.9002
1399.59 -82.7458 92.8605
1419.06 -83.1056 92.8214
1438.8 -83.4655 92.7828
1458.81 -83.8253 92.7448
1479.11 -84.1851 92.7072
1499.68 -84.545 92.6702
1520.55 -84.9048 92.6337
1541.7 -85.2647 92.5977
1563.15 -85.6245 92.5621
1584.89 -85.9844 92.5271
1606.94 -86.3443 92.4925
1629.3 -86.7041 92.4584
1651.96 -87.064 92.4247
1674.94 -87.4239 92.3916
1698.24 -87.7838 92.3588
1721.87 -88.1436 92.3265
1745.82 -88.5035 92.2947
1770.11 -88.8634 92.2633
1794.73 -89.2233 92.2323
1819.7 -89.5832 92.2017
1845.02 -89.9431 92.1716
1870.68 -90.303 92.1418
1896.71 -90.6629 92.1125
1923.09 -91.0228 92.0836
1949.84 -91.3827 92.055
1976.97 -91.7426 92.0269
2004.47 -92.1025 91.9991
2032.36 -92.4624 91.9718
2060.63 -92.8224 91.9448
2089.3 -93.1823 91.9181
2118.36 -93.5422 91.8918
2147.83 -93.9021 91.8659
2177.71 -94.262 91.8404
2208 -94.622 91.8151
2238.72 -94.9819 91.7903
2269.86 -95.3418 91.7657
2301.44 -95.7018 91.7415
2333.46 -96.0617 91.7177
2365.92 -96.4216 91.6941
2398.83 -96.7816 91.6709
2432.2 -97.1415 91.648
2466.04 -97.5015 91.6254
2500.35 -97.8614 91.6032
2535.13 -98.2214 91.5812
2570.4 -98.5813 91.5595
2606.15 -98.9413 91.5381
2642.41 -99.3012 91.5171
2679.17 -99.6612 91.4963
2716.44 -100.021 91.4758
2754.23 -100.381 91.4555
2792.54 -100.741 91.4356
2831.39 -101.101 91.4159
2870.78 -101.461 91.3965
2910.72 -101.821 91.3773
2951.21 -102.181 91.3585
2992.26 -102.541 91.3398
3033.89 -102.901 91.3215
3076.1 -103.261 91.3033
3118.89 -103.621 91.2855
3162.28 -103.981 91.2679
3206.27 -104.341 91.2505
3250.87 -104.701 91.2333
3296.1 -105.061 91.2164
3341.95 -105.421 91.1997
3388.44 -105.78 91.1833
3435.58 -106.14 91.1671
3483.37 -106.5 91.1511
3531.83 -106.86 91.1353
3580.96 -107.22 91.1197
3630.78 -107.58 91.1043
3681.29 -107.94 91.0892
3732.5 -108.3 91.0743
3784.43 -108.66 91.0595
3837.07 -109.02 91.045
3890.45 -109.38 91.0307
3944.57 -109.74 91.0165
3999.45 -110.1 91.0026
4055.09 -110.46 90.9888
4111.5 -110.82 90.9753
4168.69 -111.18 90.9619
4226.69 -111.54 90.9487
4285.49 -111.9 90.9357
4345.1 -112.26 90.9229
4405.55 -112.62 90.9102
4466.84 -112.98 90.8977
4528.98 -113.34 90.8854
4591.98 -113.7 90.8733
4655.86 -114.06 90.8613
4720.63 -114.42 90.8495
4786.3 -114.78 90.8378
4852.89 -115.14 90.8263
4920.4 -115.5 90.815
4988.84 -115.86 90.8038
5058.25 -116.22 90.7928
5128.61 -116.58 90.7819
5199.96 -116.94 90.7712
5272.3 -117.3 90.7606
5345.64 -117.66 90.7502
5420.01 -118.02 90.7399
5495.41 -118.38 90.7297
5571.86 -118.74 90.7197
5649.37 -119.1 90.7099
5727.96 -119.46 90.7001
5807.64 -119.82 90.6905
5888.44 -120.18 90.681
5970.35 -120.54 90.6717
6053.41 -120.9 90.6625
6137.62 -121.26 90.6534
6223 -121.62 90.6444
6309.57 -121.98 90.6356
6397.35 -122.34 90.6269
6486.34 -122.7 90.6183
6576.58 -123.06 90.6098
6668.07 -123.42 90.6014
6760.83 -123.78 90.5932
6854.88 -124.14 90.585
6950.24 -124.5 90.577
7046.93 -124.86 90.5691
7144.96 -125.22 90.5613
7244.36 -125.58 90.5536
7345.14 -125.94 90.546
7447.32 -126.3 90.5385
7550.92 -126.66 90.5311
7655.97 -127.02 90.5238
7762.47 -127.38 90.5166
7870.46 -127.74 90.5096
7979.95 -128.1 90.5026
8090.96 -128.46 90.4957
8203.52 -128.82 90.4889
8317.64 -129.18 90.4822
8433.35 -129.54 90.4756
8550.67 -129.9 90.469
8669.62 -130.26 90.4626
8790.23 -130.62 90.4562
8912.51 -130.98 90.45
9036.49 -131.34 90.4438
9162.2 -131.7 90.4377
9289.66 -132.06 90.4317
9418.9 -132.42 90.4258
9549.93 -132.78 90.42
9682.78 -133.14 90.4142
9817.48 -133.5 90.4085
9954.05 -133.86 90.4029
10092.5 -134.22 90.3974
10232.9 -134.58 90.3919
10375.3 -134.94 90.3866
10519.6 -135.3 90.3812
10666 -135.66 90.376
10814.3 -136.02 90.3709
10964.8 -136.38 90.3658
11117.3 -136.74 90.3608
11272 -137.099 90.3558
11428.8 -137.459 90.3509
11587.8 -137.819 90.3461
11749 -138.179 90.3414
11912.4 -138.539 90.3367
12078.1 -138.899 90.3321
12246.2 -139.259 90.3275
12416.5 -139.619 90.323
12589.3 -139.979 90.3186
12764.4 -140.339 90.3142
12942 -140.699 90.3099
13122 -141.059 90.3056
13304.5 -141.419 90.3014
13489.6 -141.779 90.2973
13677.3 -142.139 90.2932
13867.6 -142.499 90.2892
14060.5 -142.859 90.2852
14256.1 -143.219 90.2813
14454.4 -143.579 90.2775
14655.5 -143.939 90.2737
14859.4 -144.299 90.2699
15066.1 -144.659 90.2662
15275.7 -145.019 90.2626
15488.2 -145.379 90.2589
15703.6 -145.739 90.2554
15922.1 -146.099 90.2519
16143.6 -146.459 90.2484
16368.2 -146.819 90.245
16595.9 -147.179 90.2417
16826.7 -147.539 90.2384
17060.8 -147.899 90.2351
17298.2 -148.259 90.2319
17538.8 -148.619 90.2287
17782.8 -148.979 90.2255
18030.2 -149.339 90.2224
18281 -149.699 90.2194
18535.3 -150.059 90.2164
18793.2 -150.419 90.2134
19054.6 -150.779 90.2105
19319.7 -151.139 90.2076
19588.4 -151.499 90.2047
19860.9 -151.859 90.2019
20137.2 -152.219 90.1992
20417.4 -152.579 90.1964
20701.4 -152.939 90.1937
20989.4 -153.299 90.1911
21281.4 -153.659 90.1885
21577.4 -154.019 90.1859
21877.6 -154.379 90.1833
22182 -154.739 90.1808
22490.5 -155.099 90.1783
22803.4 -155.459 90.1759
23120.6 -155.819 90.1735
23442.3 -156.179 90.1711
23768.4 -156.539 90.1687
24099.1 -156.899 90.1664
24434.3 -157.259 90.1641
24774.2 -157.619 90.1619
25118.9 -157.979 90.1597
25468.3 -158.339 90.1575
25822.6 -158.699 90.1553
26181.8 -159.059 90.1532
26546.1 -159.419 90.1511
26915.3 -159.779 90.149
27289.8 -160.139 90.147
27669.4 -160.499 90.145
28054.3 -160.859 90.143
28444.6 -161.219 90.141
28840.3 -161.579 90.1391
29241.5 -161.939 90.1372
29648.3 -162.299 90.1353
30060.8 -162.659 90.1334
30478.9 -163.019 90.1316
30903 -163.379 90.1298
31332.9 -163.739 90.128
31768.7 -164.099 90.1262
32210.7 -164.459 90.1245
32658.8 -164.819 90.1228
33113.1 -165.179 90.1211
33573.8 -165.539 90.1195
34040.8 -165.899 90.1178
34514.4 -166.259 90.1162
34994.5 -166.619 90.1146
35481.3 -166.979 90.113
35974.9 -167.339 90.1115
36475.4 -167.699 90.11
36982.8 -168.059 90.1084
37497.3 -168.419 90.107
38018.9 -168.779 90.1055
38547.8 -169.139 90.104
39084.1 -169.499 90.1026
39627.8 -169.859 90.1012
40179.1 -170.219 90.0998
40738 -170.579 90.0985
41304.8 -170.939 90.0971
41879.4 -171.299 90.0958
42462 -171.659 90.0945
43052.7 -172.019 90.0932
43651.6 -172.379 90.0919
44258.8 -172.739 90.0906
44874.5 -173.099 90.0894
45498.8 -173.459 90.0881
46131.8 -173.819 90.0869
46773.5 -174.179 90.0857
47424.2 -174.539 90.0846
48083.9 -174.899 90.0834
48752.8 -175.259 90.0823
49431.1 -175.619 90.0811
50118.7 -175.979 90.08
50815.9 -176.339 90.0789
51522.9 -176.699 90.0778
52239.6 -177.059 90.0768
52966.3 -177.419 90.0757
53703.2 -177.779 90.0747
54450.3 -178.139 90.0737
55207.7 -178.499 90.0726
55975.8 -178.859 90.0717
56754.5 -179.219 90.0707
57544 -179.579 90.0697
58344.5 -179.939 90.0687
59156.2 -180.299 90.0678
59979.1 -180.659 90.0669
60813.5 -181.019 90.066
61659.5 -181.379 90.065
62517.3 -181.739 90.0642
63387 -182.099 90.0633
64268.8 -182.459 90.0624
65162.8 -182.819 90.0615
66069.3 -183.179 90.0607
66988.5 -183.539 90.0599
67920.4 -183.899 90.0591
68865.2 -184.259 90.0582
69823.2 -184.619 90.0574
70794.6 -184.979 90.0567
71779.4 -185.339 90.0559
72778 -185.699 90.0551
73790.4 -186.059 90.0544
74817 -186.419 90.0536
75857.8 -186.779 90.0529
76913 -187.139 90.0521
77983 -187.499 90.0514
79067.9 -187.859 90.0507
80167.8 -188.219 90.05
81283.1 -188.579 90.0493
82413.8 -188.939 90.0487
83560.3 -189.299 90.048
84722.7 -189.659 90.0473
85901.4 -190.019 90.0467
87096.4 -190.379 90.046
88308 -190.739 90.0454
89536.5 -191.099 90.0448
90782.1 -191.459 90.0442
92045 -191.819 90.0436
93325.4 -192.179 90.043
94623.7 -192.539 90.0424
95940.1 -192.899 90.0418
97274.7 -193.259 90.0412
98627.9 -193.619 90.0407
100000 -193.979 90.0401
