Re(H)
1
1
1
1
1
1
1
1
1
1
1
1
1
1
1
1
1
1
1
1
1
1
1
1
1.00001
1.00001
1.00001
1.00001
1.00001
1.00001
1.00001
1.00001
1.00001
1.00001
1.00001
1.00001
1.00001
1.00001
1.00001
1.00001
1.00001
1.00001
1.00001
1.00001
1.00001
1.00001
1.00001
1.00001
1.00001
1.00001
1.00001
1.00001
1.00001
1.00001
1.00001
1.00001
1.00001
1.00001
1.00001
1.00001
1.00001
1.00001
1.00001
1.00001
1.00001
1.00001
1.00001
1.00001
1.00001
1.00001
1.00001
1.00001
1.00001
1.00001
1.00001
1.00001
1.00001
1.00001
1.00001
1.00001
1.00001
1.00001
1.00001
1.00001
1.00002
1.00002
1.00002
1.00002
1.00002
1.00002
1.00002
1.00002
1.00002
1.00002
1.00002
1.00002
1.00002
1.00002
1.00002
1.00002
1.00002
1.00002
1.00002
1.00002
1.00002
1.00002
1.00002
1.00002
1.00002
1.00002
1.00002
1.00003
1.00003
1.00003
1.00003
1.00003
1.00003
1.00003
1.00003
1.00003
1.00003
1.00003
1.00003
1.00003
1.00003
1.00003
1.00003
1.00003
1.00003
1.00003
1.00004
1.00004
1.00004
1.00004
1.00004
1.00004
1.00004
1.00004
1.00004
1.00004
1.00004
1.00004
1.00004
1.00005
1.00005
1.00005
1.00005
1.00005
1.00005
1.00005
1.00005
1.00005
1.00005
1.00005
1.00006
1.00006
1.00006
1.00006
1.00006
1.00006
1.00006
1.00006
1.00006
1.00007
1.00007
1.00007
1.00007
1.00007
1.00007
1.00007
1.00007
1.00008
1.00008
1.00008
1.00008
1.00008
1.00008
1.00008
1.00009
1.00009
1.00009
1.00009
1.00009
1.00009
1.0001
1.0001
1.0001
1.0001
1.0001
1.00011
1.00011
1.00011
1.00011
1.00011
1.00012
1.00012
1.00012
1.00012
1.00012
1.00013
1.00013
1.00013
1.00013
1.00014
1.00014
1.00014
1.00014
1.00015
1.00015
1.00015
1.00016
1.00016
1.00016
1.00016
1.00017
1.00017
1.00017
1.00018
1.00018
1.00018
1.00019
1.00019
1.00019
1.0002
1.0002
1.00021
1.00021
1.00021
1.00022
1.00022
1.00022
1.00023
1.00023
1.00024
1.00024
1.00025
1.00025
1.00026
1.00026
1.00027
1.00027
1.00028
1.00028
1.00029
1.00029
1.0003
1.0003
1.00031
1.00031
1.00032
1.00033
1.00033
1.00034
1.00034
1.00035
1.00036
1.00036
1.00037
1.00038
1.00038
1.00039
1.0004
1.00041
1.00041
1.00042
1.00043
1.00044
1.00044
1.00045
1.00046
1.00047
1.00048
1.00049
1.0005
1.00051
1.00052
1.00053
1.00053
1.00054
1.00055
1.00057
1.00058
1.00059
1.0006
1.00061
1.00062
1.00063
1.00064
1.00066
1.00067
1.00068
1.00069
1.00071
1.00072
1.00073
1.00075
1.00076
1.00077
1.00079
1.0008
1.00082
1.00083
1.00085
1.00086
1.00088
1.0009
1.00091
1.00093
1.00095
1.00096
1.00098
1.001
1.00102
1.00104
1.00106
1.00108
1.0011
1.00112
1.00114
1.00116
1.00118
1.0012
1.00123
1.00125
1.00127
1.0013
1.00132
1.00134
1.00137
1.0014
1.00142
1.00145
1.00147
1.0015
1.00153
1.00156
1.00159
1.00162
1.00165
1.00168
1.00171
1.00174
1.00177
1.00181
1.00184
1.00188
1.00191
1.00195
1.00198
1.00202
1.00206
1.00209
1.00213
1.00217
1.00221
1.00226
1.0023
1.00234
1.00238
1.00243
1.00247
1.00252
1.00257
1.00261
1.00266
1.00271
1.00276
1.00282
1.00287
1.00292
1.00298
1.00303
1.00309
1.00315
1.0032
1.00326
1.00333
1.00339
1.00345
1.00352
1.00358
1.00365
1.00372
1.00379
1.00386
1.00393
1.004
1.00408
1.00415
1.00423
1.00431
1.00439
1.00447
1.00456
1.00464
1.00473
1.00482
1.00491
1.005
1.00509
1.00519
1.00529
1.00538
1.00549
1.00559
1.00569
1.0058
1.00591
1.00602
1.00613
1.00625
1.00636
1.00648
1.0066
1.00673
1.00685
1.00698
1.00711
1.00725
1.00738
1.00752
1.00766
1.00781
1.00796
1.0081
1.00826
1.00841
1.00857
1.00873
1.0089
1.00906
1.00923
1.00941
1.00959
1.00977
1.00995
1.01014
1.01033
1.01052
1.01072
1.01092
1.01113
1.01134
1.01156
1.01177
1.012
1.01222
1.01245
1.01269
1.01293
1.01317
1.01342
1.01368
1.01394
1.0142
1.01447
1.01475
1.01503
1.01531
1.0156
1.0159
1.0162
1.01651
1.01682
1.01714
1.01747
1.0178
1.01814
1.01849
1.01884
1.0192
1.01956
1.01994
1.02032
1.02071
1.0211
1.02151
1.02192
1.02234
1.02277
1.0232
1.02365
1.0241
1.02457
1.02504
1.02552
1.02601
1.02651
1.02703
1.02755
1.02808
1.02862
1.02917
1.02974
1.03031
1.0309
1.0315
1.03211
1.03274
1.03337
1.03402
1.03468
1.03536
1.03605
1.03675
1.03747
1.0382
1.03895
1.03971
1.04049
1.04129
1.0421
1.04293
1.04377
1.04464
1.04552
1.04642
1.04733
1.04827
1.04923
1.05021
1.0512
1.05222
1.05326
1.05432
1.05541
1.05652
1.05765
1.05881
1.05999
1.06119
1.06243
1.06369
1.06497
1.06629
1.06763
1.069
1.07041
1.07184
1.07331
1.07481
1.07634
1.0779
1.0795
1.08114
1.08281
1.08452
1.08628
1.08807
1.0899
1.09177
1.09369
1.09565
1.09765
1.0997
1.1018
1.10395
1.10615
1.10841
1.11071
1.11307
1.11549
1.11796
1.1205
1.12309
1.12575
1.12848
1.13127
1.13413
1.13706
1.14007
1.14315
1.14631
1.14954
1.15286
1.15627
1.15976
1.16334
1.16702
1.17079
1.17466
1.17863
1.18271
1.1869
1.1912
1.19562
1.20016
1.20482
1.20961
1.21453
1.21959
1.22479
1.23014
1.23565
1.2413
1.24713
1.25312
1.25928
1.26563
1.27217
1.2789
1.28583
1.29298
1.30034
1.30792
1.31574
1.32381
1.33212
1.3407
1.34956
1.35869
1.36812
1.37786
1.38791
1.39829
1.40902
1.42011
1.43156
1.4434
1.45565
1.46831
1.4814
1.49495
1.50896
1.52346
1.53846
1.55399
1.57005
1.58667
1.60388
1.62167
1.64009
1.65913
1.67882
1.69917
1.72019
1.74189
1.76428
1.78735
1.8111
1.83551
1.86056
1.88621
1.9124
1.93908
1.96615
1.9935
2.02096
2.04837
2.07549
2.10204
2.12768
2.15201
2.17452
2.19465
2.21173
2.22497
2.23351
2.23634
2.23241
2.22054
2.19956
2.16829
2.12562
2.07061
2.00255
1.92112
1.82639
1.71897
1.60002
1.47122
1.33473
1.19306
1.04893
0.905078
0.764112
0.628346
0.499705
0.379661
0.269222
0.168958
0.0790517
-0.000635626
-0.0704883
-0.131068
-0.18305
-0.227174
-0.264198
-0.294874
-0.319921
-0.340014
-0.355775
-0.36777
-0.376507
-0.382441
-0.385973
-0.387456
-0.3872
-0.385476
-0.382518
-0.37853
-0.373688
-0.368145
-0.362032
-0.35546
-0.348528
-0.341317
-0.333899
-0.326335
-0.318676
-0.310965
-0.303241
-0.295534
-0.287871
-0.280275
-0.272763
-0.26535
-0.258051
-0.250873
-0.243827
-0.236918
-0.230151
-0.223529
-0.217057
-0.210734
-0.204561
-0.19854
-0.19267
-0.186949
-0.181376
-0.17595
-0.170669
-0.16553
-0.160531
-0.15567
-0.150945
-0.146351
-0.141887
-0.13755
-0.133336
-0.129244
-0.125269
-0.12141
-0.117662
-0.114025
-0.110493
-0.107066
-0.103739
-0.100511
-0.0973789
-0.0943396
-0.0913909
-0.0885301
-0.085755
-0.0830631
-0.0804521
-0.0779196
-0.0754635
-0.0730816
-0.0707718
-0.068532
-0.0663602
-0.0642544
-0.0622128
-0.0602334
-0.0583145
-0.0564544
-0.0546512
-0.0529034
-0.0512093
-0.0495673
-0.0479759
-0.0464337
-0.0449391
-0.0434908
-0.0420875
-0.0407276
-0.0394101
-0.0381336
-0.0368969
-0.0356988
-0.0345381
-0.0334138
-0.0323248
-0.03127
-0.0302483
-0.0292588
-0.0283006
-0.0273726
-0.0264739
-0.0256037
-0.0247612
-0.0239454
-0.0231555
-0.0223908
-0.0216505
-0.0209338
-0.0202401
-0.0195686
-0.0189187
-0.0182896
-0.0176808
-0.0170916
-0.0165214
-0.0159696
-0.0154357
-0.014919
-0.0144192
-0.0139355
-0.0134676
-0.013015
-0.0125771
-0.0121535
-0.0117438
-0.0113475
-0.0109641
-0.0105934
-0.0102349
-0.00988812
-0.00955281
-0.00922856
-0.00891503
-0.00861187
-0.00831875
-0.00803536
-0.00776137
-0.0074965
-0.00724044
-0.00699291
-0.00675364
-0.00652237
-0.00629883
-0.00608277
-0.00587395
-0.00567215
-0.00547712
-0.00528864
-0.00510652
-0.00493053
-0.00476048
-0.00459617
-0.00443741
-0.00428403
-0.00413585
-0.00399268
-0.00385438
-0.00372078
-0.00359172
-0.00346705
-0.00334663
-0.00323032
-0.00311798
-0.00300947
-0.00290468
-0.00280347
-0.00270573
-0.00261135
-0.0025202
-0.00243218
-0.00234718
-0.00226511
-0.00218587
-0.00210935
-0.00203548
-0.00196415
-0.00189529
-0.0018288
-0.00176462
-0.00170266
-0.00164284
-0.0015851
-0.00152936
-0.00147555
-0.00142362
-0.00137349
-0.0013251
-0.00127839
-0.00123332
-0.00118981
-0.00114782
-0.00110729
-0.00106818
-0.00103044
-0.000994014
-0.000958863
-0.000924942
-0.000892208
-0.000860621
-0.000830141
-0.00080073
-0.000772351
-0.000744968
-0.000718547
-0.000693054
-0.000668458
-0.000644726
-0.00062183
-0.00059974
-0.000578428
-0.000557867
-0.000538031
-0.000518894
-0.000500433
-0.000482623
-0.000465443
-0.000448869
-0.000432881
-0.000417459
-0.000402582
-0.000388231
-0.000374389
-0.000361036
-0.000348157
-0.000335734
-0.000323751
-0.000312194
-0.000301046
-0.000290295
-0.000279924
-0.000269922
-0.000260276
-0.000250972
-0.000241999
-0.000233345
-0.000224998
-0.000216949
-0.000209186
-0.000201699
-0.000194479
-0.000187516
-0.000180802
-0.000174326
-0.000168082
-0.00016206
-0.000156252
-0.000150652
-0.000145252
-0.000140045
-0.000135023
-0.000130181
-0.000125511
-0.000121009
-0.000116667
-0.000112481
-0.000108444
-0.000104551
-0.000100798
-9.71791e-05
-9.36895e-05
-9.03248e-05
-8.70805e-05
-8.39524e-05
-8.09362e-05
-7.80281e-05
-7.52241e-05
-7.25206e-05
-6.99139e-05
-6.74007e-05
-6.49775e-05
-6.26412e-05
-6.03886e-05
-5.82168e-05
-5.61229e-05
-5.41042e-05
-5.21578e-05
-5.02813e-05
-4.84721e-05
-4.67278e-05
-4.50462e-05
-4.34249e-05
-4.18618e-05
-4.03549e-05
-3.89021e-05
-3.75015e-05
-3.61512e-05
-3.48494e-05
-3.35943e-05
-3.23844e-05
-3.1218e-05
-3.00935e-05
-2.90094e-05
-2.79643e-05
-2.69567e-05
-2.59854e-05
-2.50491e-05
-2.41464e-05
-2.32762e-05
-2.24373e-05
-2.16286e-05
-2.08489e-05
-2.00974e-05
-1.93728e-05
-1.86744e-05
-1.80011e-05
-1.7352e-05
-1.67263e-05
-1.61232e-05
-1.55417e-05
-1.49812e-05
-1.44409e-05
-1.392e-05
