Im(H)
-0.000499998
-0.000504625
-0.000509294
-0.000514006
-0.000518762
-0.000523562
-0.000528407
-0.000533296
-0.000538231
-0.000543211
-0.000548237
-0.00055331
-0.000558429
-0.000563596
-0.000568811
-0.000574074
-0.000579386
-0.000584747
-0.000590158
-0.000595618
-0.000601129
-0.000606692
-0.000612305
-0.000617971
-0.000623689
-0.000629459
-0.000635284
-0.000641162
-0.000647094
-0.000653082
-0.000659125
-0.000665223
-0.000671379
-0.000677591
-0.00068386
-0.000690188
-0.000696574
-0.000703019
-0.000709524
-0.000716089
-0.000722715
-0.000729402
-0.000736151
-0.000742962
-0.000749837
-0.000756775
-0.000763777
-0.000770844
-0.000777977
-0.000785175
-0.00079244
-0.000799772
-0.000807172
-0.000814641
-0.000822179
-0.000829786
-0.000837464
-0.000845213
-0.000853033
-0.000860926
-0.000868892
-0.000876931
-0.000885045
-0.000893235
-0.000901499
-0.000909841
-0.000918259
-0.000926755
-0.00093533
-0.000943985
-0.000952719
-0.000961534
-0.000970431
-0.00097941
-0.000988472
-0.000997618
-0.00100685
-0.00101616
-0.00102557
-0.00103506
-0.00104463
-0.0010543
-0.00106405
-0.0010739
-0.00108384
-0.00109386
-0.00110398
-0.0011142
-0.00112451
-0.00113491
-0.00114541
-0.00115601
-0.00116671
-0.0011775
-0.0011884
-0.00119939
-0.00121049
-0.00122169
-0.001233
-0.0012444
-0.00125592
-0.00126754
-0.00127927
-0.0012911
-0.00130305
-0.0013151
-0.00132727
-0.00133955
-0.00135195
-0.00136446
-0.00137708
-0.00138982
-0.00140268
-0.00141566
-0.00142876
-0.00144198
-0.00145532
-0.00146878
-0.00148237
-0.00149609
-0.00150993
-0.0015239
-0.001538
-0.00155223
-0.00156659
-0.00158109
-0.00159572
-0.00161048
-0.00162538
-0.00164042
-0.0016556
-0.00167091
-0.00168637
-0.00170198
-0.00171772
-0.00173362
-0.00174966
-0.00176584
-0.00178218
-0.00179867
-0.00181531
-0.00183211
-0.00184906
-0.00186617
-0.00188343
-0.00190086
-0.00191844
-0.00193619
-0.00195411
-0.00197219
-0.00199043
-0.00200885
-0.00202743
-0.00204619
-0.00206512
-0.00208423
-0.00210351
-0.00212297
-0.00214261
-0.00216244
-0.00218244
-0.00220264
-0.00222301
-0.00224358
-0.00226434
-0.00228529
-0.00230643
-0.00232777
-0.0023493
-0.00237104
-0.00239297
-0.00241511
-0.00243745
-0.00246
-0.00248276
-0.00250573
-0.00252891
-0.00255231
-0.00257592
-0.00259975
-0.0026238
-0.00264808
-0.00267257
-0.0026973
-0.00272225
-0.00274743
-0.00277285
-0.0027985
-0.00282439
-0.00285052
-0.00287689
-0.0029035
-0.00293036
-0.00295747
-0.00298483
-0.00301244
-0.00304031
-0.00306843
-0.00309682
-0.00312547
-0.00315438
-0.00318356
-0.00321301
-0.00324273
-0.00327272
-0.003303
-0.00333355
-0.00336439
-0.00339551
-0.00342692
-0.00345862
-0.00349061
-0.0035229
-0.00355548
-0.00358837
-0.00362156
-0.00365506
-0.00368887
-0.00372299
-0.00375742
-0.00379218
-0.00382725
-0.00386265
-0.00389838
-0.00393444
-0.00397083
-0.00400755
-0.00404462
-0.00408203
-0.00411978
-0.00415788
-0.00419634
-0.00423515
-0.00427432
-0.00431385
-0.00435374
-0.00439401
-0.00443464
-0.00447566
-0.00451705
-0.00455882
-0.00460098
-0.00464353
-0.00468647
-0.00472981
-0.00477355
-0.00481769
-0.00486224
-0.0049072
-0.00495258
-0.00499837
-0.00504459
-0.00509124
-0.00513831
-0.00518583
-0.00523378
-0.00528217
-0.00533101
-0.0053803
-0.00543004
-0.00548025
-0.00553091
-0.00558205
-0.00563366
-0.00568574
-0.00573831
-0.00579136
-0.00584489
-0.00589893
-0.00595346
-0.00600849
-0.00606404
-0.00612009
-0.00617666
-0.00623376
-0.00629138
-0.00634953
-0.00640822
-0.00646745
-0.00652723
-0.00658756
-0.00664844
-0.00670988
-0.0067719
-0.00683448
-0.00689764
-0.00696138
-0.00702571
-0.00709064
-0.00715616
-0.00722228
-0.00728902
-0.00735637
-0.00742434
-0.00749293
-0.00756216
-0.00763203
-0.00770253
-0.00777369
-0.00784551
-0.00791798
-0.00799112
-0.00806494
-0.00813944
-0.00821462
-0.00829049
-0.00836706
-0.00844433
-0.00852232
-0.00860103
-0.00868045
-0.00876061
-0.00884151
-0.00892315
-0.00900554
-0.00908868
-0.0091726
-0.00925728
-0.00934274
-0.00942899
-0.00951602
-0.00960386
-0.00969251
-0.00978197
-0.00987225
-0.00996336
-0.0100553
-0.0101481
-0.0102417
-0.0103362
-0.0104316
-0.0105278
-0.010625
-0.010723
-0.0108219
-0.0109217
-0.0110225
-0.0111241
-0.0112267
-0.0113302
-0.0114347
-0.0115401
-0.0116465
-0.0117539
-0.0118623
-0.0119716
-0.012082
-0.0121933
-0.0123057
-0.0124191
-0.0125335
-0.012649
-0.0127656
-0.0128832
-0.0130018
-0.0131216
-0.0132424
-0.0133644
-0.0134875
-0.0136116
-0.013737
-0.0138634
-0.013991
-0.0141198
-0.0142498
-0.0143809
-0.0145132
-0.0146467
-0.0147815
-0.0149174
-0.0150546
-0.0151931
-0.0153328
-0.0154737
-0.015616
-0.0157595
-0.0159044
-0.0160505
-0.016198
-0.0163468
-0.016497
-0.0166485
-0.0168014
-0.0169556
-0.0171113
-0.0172684
-0.0174268
-0.0175868
-0.0177481
-0.0179109
-0.0180752
-0.0182409
-0.0184082
-0.0185769
-0.0187472
-0.018919
-0.0190923
-0.0192672
-0.0194437
-0.0196217
-0.0198014
-0.0199826
-0.0201655
-0.0203499
-0.0205361
-0.0207239
-0.0209134
-0.0211045
-0.0212974
-0.021492
-0.0216883
-0.0218863
-0.0220862
-0.0222877
-0.0224911
-0.0226963
-0.0229033
-0.0231121
-0.0233227
-0.0235352
-0.0237496
-0.0239659
-0.024184
-0.0244041
-0.0246261
-0.0248501
-0.025076
-0.0253039
-0.0255338
-0.0257657
-0.0259996
-0.0262355
-0.0264735
-0.0267135
-0.0269557
-0.0271999
-0.0274462
-0.0276947
-0.0279453
-0.028198
-0.0284529
-0.02871
-0.0289693
-0.0292309
-0.0294946
-0.0297606
-0.0300288
-0.0302993
-0.0305722
-0.0308473
-0.0311247
-0.0314044
-0.0316866
-0.031971
-0.0322579
-0.0325471
-0.0328387
-0.0331328
-0.0334293
-0.0337282
-0.0340296
-0.0343334
-0.0346398
-0.0349486
-0.0352599
-0.0355738
-0.0358902
-0.0362092
-0.0365307
-0.0368547
-0.0371814
-0.0375107
-0.0378425
-0.038177
-0.0385141
-0.0388538
-0.0391961
-0.0395412
-0.0398888
-0.0402392
-0.0405922
-0.0409478
-0.0413062
-0.0416673
-0.042031
-0.0423975
-0.0427666
-0.0431385
-0.0435131
-0.0438903
-0.0442703
-0.044653
-0.0450384
-0.0454265
-0.0458173
-0.0462108
-0.046607
-0.0470059
-0.0474075
-0.0478117
-0.0482186
-0.0486281
-0.0490403
-0.0494551
-0.0498725
-0.0502924
-0.050715
-0.05114
-0.0515676
-0.0519977
-0.0524303
-0.0528653
-0.0533027
-0.0537424
-0.0541845
-0.0546289
-0.0550756
-0.0555244
-0.0559754
-0.0564286
-0.0568837
-0.0573409
-0.0578
-0.058261
-0.0587238
-0.0591883
-0.0596544
-0.0601221
-0.0605913
-0.0610618
-0.0615337
-0.0620067
-0.0624808
-0.0629559
-0.0634318
-0.0639084
-0.0643856
-0.0648632
-0.0653411
-0.0658191
-0.066297
-0.0667747
-0.067252
-0.0677287
-0.0682046
-0.0686794
-0.069153
-0.069625
-0.0700953
-0.0705635
-0.0710294
-0.0714927
-0.0719531
-0.0724102
-0.0728636
-0.0733131
-0.0737582
-0.0741985
-0.0746336
-0.075063
-0.0754862
-0.0759027
-0.0763121
-0.0767136
-0.0771068
-0.077491
-0.0778655
-0.0782296
-0.0785827
-0.0789238
-0.0792521
-0.0795669
-0.0798671
-0.0801518
-0.08042
-0.0806705
-0.0809021
-0.0811137
-0.081304
-0.0814714
-0.0816147
-0.0817322
-0.0818222
-0.0818831
-0.0819129
-0.0819097
-0.0818714
-0.0817956
-0.0816801
-0.0815223
-0.0813195
-0.0810689
-0.0807673
-0.0804115
-0.0799979
-0.079523
-0.0789826
-0.0783725
-0.0776882
-0.0769248
-0.0760771
-0.0751394
-0.0741058
-0.0729698
-0.0717245
-0.0703626
-0.0688759
-0.067256
-0.0654935
-0.0635786
-0.0615004
-0.0592473
-0.0568069
-0.0541656
-0.0513088
-0.0482206
-0.0448839
-0.04128
-0.0373888
-0.0331884
-0.0286549
-0.0237625
-0.0184829
-0.0127855
-0.0066367
0
0.00716448
0.0149003
0.0232552
0.0322813
0.0420357
0.0525809
0.0639854
0.0763244
0.0896803
0.104144
0.119813
0.136798
0.155217
0.175201
0.196893
0.220449
0.246039
0.273849
0.30408
0.33695
0.372692
0.411557
0.45381
0.499729
0.549601
0.603719
0.662373
0.725841
0.794374
0.868181
0.947406
1.0321
1.1222
1.21746
1.31746
1.42154
1.52874
1.63781
1.74721
1.85506
1.95924
2.05746
2.14734
2.2266
2.29315
2.34533
2.38195
2.40243
2.40681
2.39572
2.37031
2.3321
2.2829
2.22462
2.1592
2.08846
2.0141
1.93758
1.86018
1.78293
1.70669
1.6321
1.55965
1.4897
1.42246
1.35809
1.29666
1.23816
1.18257
1.12981
1.0798
1.03243
0.987586
0.945141
0.904974
0.86696
0.830978
0.796911
0.764645
0.734072
0.705089
0.6776
0.651511
0.626738
0.6032
0.58082
0.559529
0.53926
0.519952
0.501547
0.483992
0.467236
0.451234
0.43594
0.421316
0.407324
0.393927
0.381093
0.368792
0.356994
0.345672
0.334803
0.324361
0.314326
0.304676
0.295392
0.286456
0.277851
0.269561
0.261572
0.253868
0.246437
0.239266
0.232343
0.225658
0.219199
0.212957
0.206923
0.201088
0.195443
0.18998
0.184693
0.179573
0.174615
0.169811
0.165157
0.160645
0.156271
0.152029
0.147915
0.143924
0.140051
0.136292
0.132643
0.1291
0.125659
0.122317
0.119071
0.115917
0.112852
0.109873
0.106978
0.104163
0.101427
0.0987657
0.0961778
0.0936607
0.0912122
0.0888303
0.0865129
0.084258
0.0820637
0.0799283
0.0778499
0.075827
0.0738578
0.0719408
0.0700745
0.0682574
0.0664882
0.0647654
0.0630878
0.0614541
0.0598631
0.0583135
0.0568043
0.0553343
0.0539025
0.0525078
0.0511491
0.0498257
0.0485364
0.0472804
0.0460568
0.0448647
0.0437033
0.0425717
0.0414693
0.0403952
0.0393487
0.038329
0.0373355
0.0363675
0.0354243
0.0345052
0.0336098
0.0327373
0.0318871
0.0310587
0.0302516
0.0294651
0.0286988
0.0279521
0.0272245
0.0265156
0.0258249
0.0251519
0.0244961
0.0238572
0.0232346
0.0226281
0.0220371
0.0214612
0.0209002
0.0203536
0.0198211
0.0193022
0.0187967
0.0183042
0.0178244
0.017357
0.0169016
0.0164579
0.0160257
0.0156047
0.0151945
0.0147949
0.0144057
0.0140265
0.0136572
0.0132974
0.0129469
0.0126055
0.012273
0.0119491
0.0116336
0.0113263
0.011027
0.0107355
0.0104515
0.010175
0.00990567
0.00964335
0.00938788
0.00913907
0.00889676
0.00866078
0.00843097
0.00820717
0.00798922
0.00777699
0.00757031
0.00736904
0.00717306
0.00698222
0.00679638
0.00661543
0.00643924
0.00626767
0.00610062
0.00593796
0.00577959
0.00562539
0.00547526
0.00532908
0.00518676
0.0050482
0.00491329
0.00478195
0.00465409
0.0045296
0.00440841
0.00429042
0.00417556
0.00406374
0.00395489
0.00384892
0.00374576
0.00364534
0.00354759
0.00345243
0.0033598
0.00326963
0.00318186
0.00309643
0.00301326
0.00293232
0.00285353
0.00277683
0.00270218
0.00262953
0.0025588
0.00248997
0.00242297
0.00235777
0.0022943
0.00223253
0.00217241
0.00211389
0.00205695
0.00200152
0.00194758
0.00189508
0.00184399
0.00179426
0.00174587
0.00169878
0.00165294
0.00160834
0.00156493
0.00152269
0.00148158
0.00144157
0.00140264
0.00136475
0.00132788
0.001292
0.00125709
0.00122311
0.00119005
0.00115788
0.00112657
0.00109611
0.00106646
0.00103761
0.00100954
0.000982226
0.000955647
0.000929784
0.000904618
0.00088013
0.000856302
0.000833116
0.000810556
0.000788604
0.000767244
0.00074646
0.000726238
0.000706561
0.000687415
0.000668786
0.000650661
0.000633025
0.000615865
0.000599168
0.000582923
0.000567117
0.000551738
0.000536775
0.000522217
0.000508052
0.00049427
0.000480861
0.000467814
0.000455121
0.000442771
0.000430755
0.000419064
0.00040769
0.000396624
0.000385857
0.000375382
0.000365191
0.000355275
0.000345628
0.000336243
0.000327112
0.000318228
0.000309585
0.000301176
0.000292995
0.000285036
0.000277292
0.000269759
0.00026243
0.000255299
0.000248362
0.000241613
0.000235047
0.000228659
0.000222445
0.000216399
0.000210517
0.000204795
0.000199228
