A(w)
1
1
1
1
1
1
1
1
1
1
1
1
1
1
1
1
1
1
1
1
1
1
1.00001
1.00001
1.00001
1.00001
1.00001
1.00001
1.00001
1.00001
1.00001
1.00001
1.00001
1.00001
1.00001
1.00001
1.00001
1.00001
1.00001
1.00001
1.00001
1.00001
1.00001
1.00001
1.00001
1.00001
1.00001
1.00001
1.00001
1.00001
1.00001
1.00001
1.00001
1.00001
1.00001
1.00001
1.00001
1.00001
1.00001
1.00001
1.00001
1.00001
1.00001
1.00001
1.00001
1.00001
1.00001
1.00001
1.00001
1.00001
1.00001
1.00001
1.00001
1.00001
1.00001
1.00001
1.00001
1.00001
1.00001
1.00001
1.00001
1.00002
1.00002
1.00002
1.00002
1.00002
1.00002
1.00002
1.00002
1.00002
1.00002
1.00002
1.00002
1.00002
1.00002
1.00002
1.00002
1.00002
1.00002
1.00002
1.00002
1.00002
1.00002
1.00002
1.00002
1.00002
1.00002
1.00002
1.00002
1.00003
1.00003
1.00003
1.00003
1.00003
1.00003
1.00003
1.00003
1.00003
1.00003
1.00003
1.00003
1.00003
1.00003
1.00003
1.00003
1.00003
1.00003
1.00004
1.00004
1.00004
1.00004
1.00004
1.00004
1.00004
1.00004
1.00004
1.00004
1.00004
1.00004
1.00004
1.00004
1.00005
1.00005
1.00005
1.00005
1.00005
1.00005
1.00005
1.00005
1.00005
1.00005
1.00005
1.00006
1.00006
1.00006
1.00006
1.00006
1.00006
1.00006
1.00006
1.00006
1.00007
1.00007
1.00007
1.00007
1.00007
1.00007
1.00007
1.00007
1.00008
1.00008
1.00008
1.00008
1.00008
1.00008
1.00008
1.00009
1.00009
1.00009
1.00009
1.00009
1.00009
1.0001
1.0001
1.0001
1.0001
1.0001
1.00011
1.00011
1.00011
1.00011
1.00011
1.00012
1.00012
1.00012
1.00012
1.00012
1.00013
1.00013
1.00013
1.00013
1.00014
1.00014
1.00014
1.00014
1.00015
1.00015
1.00015
1.00016
1.00016
1.00016
1.00016
1.00017
1.00017
1.00017
1.00018
1.00018
1.00018
1.00019
1.00019
1.00019
1.0002
1.0002
1.00021
1.00021
1.00021
1.00022
1.00022
1.00023
1.00023
1.00023
1.00024
1.00024
1.00025
1.00025
1.00026
1.00026
1.00027
1.00027
1.00028
1.00028
1.00029
1.00029
1.0003
1.0003
1.00031
1.00031
1.00032
1.00033
1.00033
1.00034
1.00034
1.00035
1.00036
1.00036
1.00037
1.00038
1.00038
1.00039
1.0004
1.00041
1.00041
1.00042
1.00043
1.00044
1.00045
1.00045
1.00046
1.00047
1.00048
1.00049
1.0005
1.00051
1.00052
1.00053
1.00054
1.00055
1.00056
1.00057
1.00058
1.00059
1.0006
1.00061
1.00062
1.00063
1.00064
1.00066
1.00067
1.00068
1.00069
1.00071
1.00072
1.00073
1.00075
1.00076
1.00077
1.00079
1.0008
1.00082
1.00083
1.00085
1.00086
1.00088
1.0009
1.00091
1.00093
1.00095
1.00097
1.00098
1.001
1.00102
1.00104
1.00106
1.00108
1.0011
1.00112
1.00114
1.00116
1.00118
1.0012
1.00123
1.00125
1.00127
1.0013
1.00132
1.00135
1.00137
1.0014
1.00142
1.00145
1.00148
1.0015
1.00153
1.00156
1.00159
1.00162
1.00165
1.00168
1.00171
1.00174
1.00177
1.00181
1.00184
1.00188
1.00191
1.00195
1.00198
1.00202
1.00206
1.0021
1.00213
1.00217
1.00222
1.00226
1.0023
1.00234
1.00239
1.00243
1.00247
1.00252
1.00257
1.00262
1.00266
1.00271
1.00276
1.00282
1.00287
1.00292
1.00298
1.00303
1.00309
1.00315
1.00321
1.00327
1.00333
1.00339
1.00345
1.00352
1.00358
1.00365
1.00372
1.00379
1.00386
1.00393
1.004
1.00408
1.00415
1.00423
1.00431
1.00439
1.00447
1.00456
1.00464
1.00473
1.00482
1.00491
1.005
1.00509
1.00519
1.00528
1.00538
1.00548
1.00559
1.00569
1.0058
1.00591
1.00602
1.00613
1.00624
1.00636
1.00648
1.0066
1.00673
1.00685
1.00698
1.00711
1.00724
1.00738
1.00752
1.00766
1.0078
1.00795
1.0081
1.00825
1.00841
1.00856
1.00872
1.00889
1.00906
1.00923
1.0094
1.00958
1.00976
1.00994
1.01013
1.01032
1.01051
1.01071
1.01091
1.01112
1.01132
1.01154
1.01176
1.01198
1.0122
1.01243
1.01267
1.01291
1.01315
1.0134
1.01365
1.01391
1.01417
1.01444
1.01471
1.01499
1.01528
1.01557
1.01586
1.01616
1.01647
1.01678
1.0171
1.01742
1.01775
1.01809
1.01843
1.01878
1.01914
1.0195
1.01988
1.02025
1.02064
1.02103
1.02143
1.02184
1.02226
1.02268
1.02312
1.02356
1.02401
1.02447
1.02494
1.02541
1.0259
1.0264
1.0269
1.02742
1.02795
1.02848
1.02903
1.02959
1.03016
1.03074
1.03133
1.03194
1.03255
1.03318
1.03382
1.03448
1.03514
1.03583
1.03652
1.03723
1.03795
1.03869
1.03944
1.04021
1.04099
1.04179
1.04261
1.04344
1.04429
1.04516
1.04604
1.04694
1.04786
1.0488
1.04976
1.05074
1.05174
1.05277
1.05381
1.05487
1.05596
1.05707
1.0582
1.05936
1.06054
1.06174
1.06298
1.06423
1.06552
1.06683
1.06817
1.06954
1.07094
1.07237
1.07383
1.07532
1.07685
1.07841
1.08
1.08163
1.08329
1.08499
1.08673
1.0885
1.09032
1.09218
1.09408
1.09602
1.09801
1.10004
1.10211
1.10424
1.10641
1.10864
1.11092
1.11324
1.11563
1.11807
1.12057
1.12312
1.12574
1.12842
1.13116
1.13397
1.13685
1.1398
1.14282
1.14591
1.14908
1.15233
1.15566
1.15908
1.16258
1.16617
1.16985
1.17362
1.17749
1.18146
1.18554
1.18972
1.19402
1.19842
1.20295
1.20759
1.21236
1.21726
1.2223
1.22747
1.23279
1.23826
1.24388
1.24966
1.2556
1.26172
1.26801
1.27449
1.28116
1.28803
1.2951
1.30238
1.30989
1.31762
1.3256
1.33382
1.3423
1.35105
1.36008
1.3694
1.37903
1.38897
1.39923
1.40985
1.42081
1.43216
1.44389
1.45603
1.46859
1.48159
1.49506
1.50902
1.52347
1.53846
1.554
1.57012
1.58684
1.6042
1.62222
1.64093
1.66036
1.68055
1.70154
1.72334
1.74601
1.76958
1.79408
1.81955
1.84604
1.87357
1.90219
1.93191
1.96278
1.99482
2.02803
2.06244
2.09804
2.1348
2.1727
2.21168
2.25164
2.29246
2.33399
2.37602
2.41828
2.46044
2.50211
2.5428
2.58196
2.61894
2.65302
2.68341
2.70927
2.72974
2.74396
2.75115
2.75063
2.74186
2.72452
2.69853
2.66403
2.62143
2.57136
2.51463
2.45218
2.38504
2.31426
2.24086
2.1658
2.08996
2.0141
1.93886
1.86479
1.79231
1.72174
1.65335
1.58728
1.52366
1.46253
1.40392
1.3478
1.29414
1.24287
1.19392
1.14721
1.10265
1.06015
1.01961
0.98095
0.944067
0.908876
0.875291
0.843228
0.812609
0.783357
0.7554
0.728671
0.703104
0.678638
0.655215
0.632782
0.611287
0.590681
0.570919
0.551959
0.53376
0.516284
0.499495
0.483361
0.467848
0.452928
0.438572
0.424754
0.411448
0.398632
0.386283
0.374379
0.362902
0.351832
0.341151
0.330843
0.320892
0.311282
0.302
0.293032
0.284364
0.275985
0.267884
0.260049
0.252469
0.245135
0.238037
0.231166
0.224514
0.218072
0.211833
0.205789
0.199932
0.194257
0.188756
0.183424
0.178254
0.173241
0.168379
0.163663
0.159088
0.154649
0.150342
0.146162
0.142105
0.138167
0.134344
0.130632
0.127028
0.123528
0.120129
0.116828
0.113621
0.110506
0.10748
0.104539
0.101682
0.0989054
0.0962073
0.093585
0.0910363
0.088559
0.086151
0.0838101
0.0815344
0.0793219
0.0771707
0.0750792
0.0730454
0.0710678
0.0691447
0.0672745
0.0654557
0.0636869
0.0619665
0.0602932
0.0586656
0.0570825
0.0555426
0.0540446
0.0525875
0.05117
0.049791
0.0484494
0.0471443
0.0458746
0.0446392
0.0434373
0.0422679
0.0411301
0.0400231
0.038946
0.037898
0.0368782
0.0358859
0.0349204
0.0339809
0.0330667
0.0321772
0.0313115
0.0304692
0.0296495
0.0288519
0.0280757
0.0273204
0.0265854
0.0258701
0.025174
0.0244967
0.0238375
0.023196
0.0225718
0.0219643
0.0213731
0.0207978
0.020238
0.0196931
0.0191629
0.0186469
0.0181448
0.0176561
0.0171806
0.0167178
0.0162675
0.0158292
0.0154027
0.0149876
0.0145837
0.0141906
0.0138081
0.0134359
0.0130736
0.0127211
0.012378
0.0120442
0.0117193
0.0114031
0.0110955
0.0107961
0.0105048
0.0102212
0.00994534
0.00967686
0.00941559
0.00916135
0.00891395
0.0086732
0.00843893
0.00821096
0.00798912
0.00777325
0.00756319
0.00735878
0.00715988
0.00696633
0.00677799
0.00659473
0.0064164
0.00624287
0.00607402
0.00590972
0.00574984
0.00559428
0.0054429
0.00529561
0.00515229
0.00501284
0.00487714
0.00474511
0.00461663
0.00449163
0.00436999
0.00425164
0.00413649
0.00402444
0.00391541
0.00380934
0.00370612
0.00360569
0.00350798
0.00341291
0.0033204
0.0032304
0.00314282
0.00305762
0.00297471
0.00289405
0.00281557
0.00273921
0.00266492
0.00259263
0.00252231
0.00245388
0.00238731
0.00232253
0.00225951
0.0021982
0.00213854
0.0020805
0.00202403
0.00196909
0.00191564
0.00186364
0.00181304
0.00176382
0.00171593
0.00166933
0.001624
0.0015799
0.00153699
0.00149524
0.00145463
0.00141512
0.00137668
0.00133928
0.00130289
0.00126749
0.00123305
0.00119955
0.00116695
0.00113524
0.00110439
0.00107438
0.00104518
0.00101677
0.000989131
0.000962244
0.000936087
0.000910639
0.000885883
0.000861798
0.000838367
0.000815573
0.000793397
0.000771823
0.000750835
0.000730417
0.000710554
0.00069123
0.000672431
0.000654142
0.000636351
0.000619042
0.000602204
0.000585823
0.000569888
0.000554385
0.000539303
0.000524632
0.000510359
0.000496474
0.000482966
0.000469825
0.000457042
0.000444606
0.000432508
0.000420739
0.00040929
0.000398152
0.000387317
0.000376776
0.000366523
0.000356548
0.000346844
0.000337404
0.000328221
0.000319287
0.000310597
0.000302142
0.000293918
0.000285918
0.000278135
0.000270563
0.000263198
0.000256033
0.000249063
0.000242283
0.000235687
0.00022927
0.000223028
0.000216956
0.000211049
0.000205303
0.000199713
