phase_deg
-0.0286477
-0.0289128
-0.0291803
-0.0294503
-0.0297228
-0.0299978
-0.0302754
-0.0305555
-0.0308382
-0.0311236
-0.0314115
-0.0317022
-0.0319955
-0.0322916
-0.0325903
-0.0328919
-0.0331962
-0.0335034
-0.0338134
-0.0341263
-0.034442
-0.0347607
-0.0350823
-0.0354069
-0.0357345
-0.0360652
-0.0363989
-0.0367357
-0.0370756
-0.0374186
-0.0377648
-0.0381143
-0.0384669
-0.0388228
-0.0391821
-0.0395446
-0.0399105
-0.0402798
-0.0406525
-0.0410286
-0.0414082
-0.0417914
-0.042178
-0.0425683
-0.0429622
-0.0433597
-0.0437609
-0.0441658
-0.0445744
-0.0449869
-0.0454031
-0.0458232
-0.0462472
-0.0466751
-0.0471069
-0.0475428
-0.0479827
-0.0484267
-0.0488747
-0.0493269
-0.0497833
-0.050244
-0.0507088
-0.051178
-0.0516515
-0.0521295
-0.0526118
-0.0530986
-0.0535899
-0.0540857
-0.0545861
-0.0550912
-0.0556009
-0.0561153
-0.0566346
-0.0571586
-0.0576874
-0.0582212
-0.0587598
-0.0593035
-0.0598522
-0.060406
-0.0609649
-0.0615289
-0.0620982
-0.0626728
-0.0632526
-0.0638379
-0.0644285
-0.0650246
-0.0656263
-0.0662334
-0.0668463
-0.0674647
-0.0680889
-0.0687189
-0.0693547
-0.0699964
-0.070644
-0.0712976
-0.0719573
-0.072623
-0.0732949
-0.0739731
-0.0746575
-0.0753482
-0.0760453
-0.0767489
-0.077459
-0.0781756
-0.0788989
-0.0796289
-0.0803656
-0.0811091
-0.0818595
-0.0826169
-0.0833813
-0.0841527
-0.0849312
-0.085717
-0.08651
-0.0873104
-0.0881182
-0.0889334
-0.0897562
-0.0905866
-0.0914247
-0.0922705
-0.0931242
-0.0939857
-0.0948552
-0.0957328
-0.0966185
-0.0975123
-0.0984145
-0.0993249
-0.100244
-0.101171
-0.102107
-0.103052
-0.104005
-0.104967
-0.105938
-0.106918
-0.107908
-0.108906
-0.109913
-0.11093
-0.111956
-0.112992
-0.114037
-0.115092
-0.116157
-0.117232
-0.118316
-0.119411
-0.120515
-0.12163
-0.122755
-0.123891
-0.125037
-0.126194
-0.127361
-0.128539
-0.129728
-0.130928
-0.132139
-0.133362
-0.134595
-0.13584
-0.137097
-0.138365
-0.139645
-0.140936
-0.14224
-0.143556
-0.144884
-0.146224
-0.147576
-0.148941
-0.150319
-0.151709
-0.153113
-0.154529
-0.155958
-0.157401
-0.158856
-0.160326
-0.161809
-0.163305
-0.164815
-0.16634
-0.167878
-0.169431
-0.170998
-0.172579
-0.174175
-0.175786
-0.177412
-0.179053
-0.180709
-0.18238
-0.184066
-0.185769
-0.187487
-0.18922
-0.19097
-0.192736
-0.194518
-0.196317
-0.198133
-0.199965
-0.201814
-0.20368
-0.205563
-0.207464
-0.209382
-0.211318
-0.213272
-0.215244
-0.217234
-0.219243
-0.22127
-0.223315
-0.22538
-0.227464
-0.229567
-0.231689
-0.233831
-0.235993
-0.238174
-0.240376
-0.242598
-0.244841
-0.247104
-0.249388
-0.251693
-0.25402
-0.256368
-0.258737
-0.261129
-0.263542
-0.265978
-0.268436
-0.270917
-0.273421
-0.275948
-0.278498
-0.281072
-0.283669
-0.28629
-0.288936
-0.291606
-0.2943
-0.297019
-0.299764
-0.302533
-0.305328
-0.308149
-0.310996
-0.313869
-0.316769
-0.319695
-0.322648
-0.325628
-0.328636
-0.331672
-0.334735
-0.337827
-0.340947
-0.344095
-0.347273
-0.35048
-0.353717
-0.356983
-0.360279
-0.363606
-0.366963
-0.370351
-0.37377
-0.37722
-0.380703
-0.384217
-0.387763
-0.391343
-0.394955
-0.3986
-0.402278
-0.405991
-0.409737
-0.413518
-0.417334
-0.421184
-0.42507
-0.428991
-0.432949
-0.436943
-0.440973
-0.44504
-0.449145
-0.453287
-0.457467
-0.461686
-0.465943
-0.470239
-0.474574
-0.478949
-0.483364
-0.487819
-0.492315
-0.496853
-0.501431
-0.506052
-0.510715
-0.51542
-0.520168
-0.52496
-0.529795
-0.534675
-0.539599
-0.544568
-0.549582
-0.554642
-0.559748
-0.564901
-0.570101
-0.575347
-0.580642
-0.585985
-0.591376
-0.596817
-0.602307
-0.607847
-0.613437
-0.619078
-0.62477
-0.630513
-0.636309
-0.642158
-0.648059
-0.654014
-0.660023
-0.666086
-0.672204
-0.678378
-0.684607
-0.690892
-0.697235
-0.703634
-0.710092
-0.716607
-0.723182
-0.729815
-0.736509
-0.743262
-0.750077
-0.756952
-0.76389
-0.77089
-0.777952
-0.785078
-0.792268
-0.799523
-0.806842
-0.814227
-0.821678
-0.829195
-0.83678
-0.844433
-0.852153
-0.859943
-0.867802
-0.875731
-0.88373
-0.8918
-0.899943
-0.908157
-0.916444
-0.924805
-0.93324
-0.941749
-0.950333
-0.958994
-0.96773
-0.976544
-0.985435
-0.994405
-1.00345
-1.01258
-1.02179
-1.03108
-1.04045
-1.0499
-1.05943
-1.06905
-1.07875
-1.08854
-1.09841
-1.10836
-1.1184
-1.12853
-1.13875
-1.14905
-1.15945
-1.16993
-1.1805
-1.19117
-1.20192
-1.21277
-1.22371
-1.23474
-1.24587
-1.25709
-1.26841
-1.27982
-1.29133
-1.30293
-1.31464
-1.32644
-1.33834
-1.35034
-1.36244
-1.37464
-1.38695
-1.39935
-1.41186
-1.42447
-1.43718
-1.45
-1.46293
-1.47596
-1.48909
-1.50234
-1.51569
-1.52915
-1.54271
-1.55639
-1.57017
-1.58407
-1.59807
-1.61219
-1.62642
-1.64076
-1.65521
-1.66978
-1.68446
-1.69925
-1.71416
-1.72918
-1.74432
-1.75957
-1.77494
-1.79042
-1.80603
-1.82174
-1.83758
-1.85353
-1.8696
-1.88579
-1.9021
-1.91852
-1.93506
-1.95173
-1.9685
-1.9854
-2.00242
-2.01956
-2.03681
-2.05418
-2.07167
-2.08928
-2.10701
-2.12486
-2.14282
-2.1609
-2.1791
-2.19741
-2.21584
-2.23439
-2.25305
-2.27182
-2.29071
-2.30972
-2.32883
-2.34806
-2.36739
-2.38684
-2.4064
-2.42606
-2.44583
-2.4657
-2.48568
-2.50576
-2.52594
-2.54623
-2.5666
-2.58708
-2.60764
-2.6283
-2.64905
-2.66989
-2.69081
-2.71182
-2.7329
-2.75406
-2.7753
-2.79661
-2.81798
-2.83942
-2.86093
-2.88249
-2.9041
-2.92577
-2.94748
-2.96923
-2.99102
-3.01285
-3.0347
-3.05657
-3.07846
-3.10036
-3.12227
-3.14418
-3.16608
-3.18797
-3.20983
-3.23167
-3.25348
-3.27524
-3.29695
-3.3186
-3.34018
-3.36169
-3.3831
-3.40443
-3.42564
-3.44673
-3.4677
-3.48852
-3.50919
-3.52969
-3.55002
-3.57015
-3.59007
-3.60977
-3.62923
-3.64843
-3.66737
-3.68601
-3.70435
-3.72236
-3.74003
-3.75733
-3.77424
-3.79074
-3.8068
-3.82241
-3.83753
-3.85215
-3.86623
-3.87974
-3.89266
-3.90495
-3.91658
-3.92752
-3.93773
-3.94718
-3.95582
-3.96362
-3.97054
-3.97654
-3.98156
-3.98556
-3.98849
-3.99031
-3.99095
-3.99036
-3.98848
-3.98525
-3.98061
-3.97449
-3.96681
-3.95752
-3.94652
-3.93375
-3.91911
-3.90251
-3.88387
-3.8631
-3.84007
-3.8147
-3.78687
-3.75647
-3.72336
-3.68742
-3.64852
-3.60652
-3.56125
-3.51257
-3.46032
-3.4043
-3.34435
-3.28027
-3.21185
-3.13887
-3.06111
-2.97834
-2.89028
-2.79668
-2.69725
-2.59169
-2.47968
-2.36088
-2.23494
-2.10146
-1.96006
-1.81029
-1.6517
-1.48381
-1.3061
-1.11802
-0.918977
-0.708346
-0.485458
-0.249598
0
0.264154
0.543741
0.839701
1.15304
1.48484
1.83626
2.20855
2.60305
3.02121
3.46456
3.93479
4.4337
4.96322
5.52545
6.12263
6.7572
7.43176
8.14913
8.91232
9.7246
10.5894
11.5105
12.4919
13.5378
14.6526
15.841
17.108
18.4587
19.8982
21.4317
23.0646
24.8016
26.6475
28.6062
30.681
32.8738
35.1854
37.6146
40.1582
42.8104
45.563
48.4049
51.3224
54.2992
57.317
60.3558
63.3949
66.4134
69.3913
72.31
75.1529
77.906
80.5578
83.0997
85.5257
87.8323
90.0181
92.0835
94.0304
95.8619
97.5819
99.1951
100.706
102.121
103.443
104.68
105.835
106.914
107.921
108.862
109.739
110.558
111.322
112.034
112.698
113.318
113.895
114.432
114.932
115.398
115.831
116.233
116.606
116.952
117.272
117.569
117.842
118.094
118.326
118.539
118.734
118.912
119.073
119.219
119.35
119.468
119.572
119.664
119.744
119.813
119.871
119.919
119.957
119.986
120.006
120.018
120.022
120.018
120.006
119.988
119.963
119.931
119.894
119.851
119.802
119.747
119.688
119.624
119.555
119.482
119.404
119.322
119.237
119.147
119.055
118.958
118.859
118.756
118.651
118.542
118.431
118.317
118.201
118.082
117.961
117.838
117.713
117.586
117.458
117.327
117.195
117.061
116.925
116.789
116.651
116.511
116.371
116.229
116.086
115.942
115.798
115.652
115.506
115.359
115.211
115.062
114.913
114.764
114.613
114.463
114.312
114.161
114.009
113.857
113.705
113.553
113.4
113.247
113.095
112.942
112.789
112.637
112.484
112.331
112.179
112.026
111.874
111.722
111.571
111.419
111.268
111.117
110.966
110.816
110.666
110.516
110.367
110.218
110.07
109.922
109.775
109.628
109.481
109.335
109.19
109.045
108.901
108.757
108.614
108.472
108.33
108.188
108.048
107.908
107.768
107.629
107.491
107.354
107.217
107.081
106.946
106.811
106.677
106.544
106.412
106.28
106.149
106.019
105.889
105.76
105.632
105.505
105.379
105.253
105.128
105.004
104.88
104.757
104.635
104.514
104.394
104.274
104.156
104.037
103.92
103.804
103.688
103.573
103.459
103.346
103.233
103.121
103.01
102.9
102.79
102.682
102.574
102.467
102.36
102.255
102.15
102.046
101.942
101.84
101.738
101.637
101.537
101.437
101.338
101.24
101.143
101.047
100.951
100.856
100.761
100.668
100.575
100.483
100.391
100.3
100.21
100.121
100.032
99.9444
99.8572
99.7707
99.6849
99.5997
99.5153
99.4315
99.3484
99.2659
99.1842
99.1031
99.0226
98.9429
98.8637
98.7853
98.7074
98.6302
98.5537
98.4778
98.4025
98.3278
98.2537
98.1803
98.1075
98.0353
97.9637
97.8927
97.8223
97.7525
97.6833
97.6146
97.5466
97.4791
97.4122
97.3459
97.2801
97.2149
97.1502
97.0861
97.0226
96.9596
96.8971
96.8352
96.7738
96.7129
96.6525
96.5927
96.5334
96.4746
96.4163
96.3586
96.3013
96.2445
96.1882
96.1324
96.0771
96.0223
95.9679
95.9141
95.8607
95.8077
95.7553
95.7032
95.6517
95.6006
95.5499
95.4997
95.45
95.4006
95.3517
95.3033
95.2553
95.2077
95.1605
95.1137
95.0673
95.0214
94.9759
94.9307
94.886
94.8417
94.7977
94.7542
94.711
94.6682
94.6258
94.5838
94.5422
94.5009
94.46
94.4194
94.3793
94.3395
94.3
94.2609
94.2221
94.1837
94.1456
94.1079
94.0705
94.0335
93.9968
