0.1 -0.0286477 0
0.101391 -0.0290462 0
0.102802 -0.0294503 0
0.104232 -0.02986 0
0.105682 -0.0302754 0
0.107152 -0.0306965 0
0.108643 -0.0311236 0
0.110154 -0.0315565 0
0.111686 -0.0319955 0
0.11324 -0.0324406 0
0.114815 -0.0328919 0
0.116413 -0.0333495 0
0.118032 -0.0338134 0
0.119674 -0.0342838 0
0.121339 -0.0347607 0
0.123027 -0.0352443 0
0.124738 -0.0357345 0
0.126474 -0.0362316 0
0.128233 -0.0367357 0
0.130017 -0.0372467 0
0.131826 -0.0377648 0
0.13366 -0.0382902 0
0.135519 -0.0388228 0
0.137404 -0.0393629 0
0.139316 -0.0399105 0
0.141254 -0.0404657 0
0.143219 -0.0410286 0
0.145211 -0.0415994 0
0.147231 -0.042178 0
0.149279 -0.0427648 0
0.151356 -0.0433597 0
0.153462 -0.0439629 0
0.155597 -0.0445744 0
0.157761 -0.0451945 0
0.159956 -0.0458232 0
0.162181 -0.0464606 0
0.164437 -0.0471069 0
0.166725 -0.0477622 0
0.169044 -0.0484267 0
0.171396 -0.0491003 0
0.17378 -0.0497833 0
0.176198 -0.0504759 0
0.178649 -0.051178 0
0.181134 -0.05189 0
0.183654 -0.0526118 0
0.186209 -0.0533436 0
0.188799 -0.0540857 0
0.191426 -0.0548381 0
0.194089 -0.0556009 0
0.196789 -0.0563744 0
0.199526 -0.0571586 0
0.202302 -0.0579537 0
0.205116 -0.0587598 0
0.20797 -0.0595772 0
0.210863 -0.060406 0
0.213796 -0.0612463 0
0.21677 -0.0620982 0
0.219786 -0.062962 0
0.222844 -0.0638379 0
0.225944 -0.0647259 0
0.229087 -0.0656263 0
0.232274 -0.0665391 0
0.235505 -0.0674647 0
0.238781 -0.0684032 0
0.242103 -0.0693547 0
0.245471 -0.0703194 0
0.248886 -0.0712976 0
0.252348 -0.0722894 0
0.255859 -0.0732949 0
0.259418 -0.0743145 0
0.263027 -0.0753482 0
0.266686 -0.0763963 0
0.270396 -0.077459 0
0.274157 -0.0785364 0
0.277971 -0.0796289 0
0.281838 -0.0807365 0
0.285759 -0.0818595 0
0.289734 -0.0829982 0
0.293765 -0.0841527 0
0.297852 -0.0853232 0
0.301995 -0.08651 0
0.306196 -0.0877134 0
0.310456 -0.0889334 0
0.314775 -0.0901705 0
0.319154 -0.0914247 0
0.323594 -0.0926964 0
0.328095 -0.0939857 0
0.33266 -0.095293 0
0.337287 -0.0966185 0
0.341979 -0.0979624 0
0.346737 -0.0993249 0
0.35156 -0.100706 0
0.356451 -0.102107 0
0.36141 -0.103527 0
0.366438 -0.104967 0
0.371535 -0.106427 0
0.376704 -0.107908 0
0.381944 -0.109408 0
0.387258 -0.11093 0
0.392645 -0.112473 0
0.398107 -0.114037 0
0.403645 -0.115623 0
0.409261 -0.117232 0
0.414954 -0.118862 0
0.420727 -0.120515 0
0.42658 -0.122191 0
0.432514 -0.123891 0
0.438531 -0.125614 0
0.444631 -0.127361 0
0.450817 -0.129132 0
0.457088 -0.130928 0
0.463447 -0.132749 0
0.469894 -0.134595 0
0.476431 -0.136467 0
0.483059 -0.138365 0
0.489779 -0.140289 0
0.496592 -0.14224 0
0.503501 -0.144218 0
0.510505 -0.146224 0
0.517607 -0.148257 0
0.524807 -0.150319 0
0.532108 -0.152409 0
0.539511 -0.154529 0
0.547016 -0.156678 0
0.554626 -0.158856 0
0.562341 -0.161065 0
0.570164 -0.163305 0
0.578096 -0.165576 0
0.586138 -0.167878 0
0.594292 -0.170213 0
0.60256 -0.172579 0
0.610942 -0.174979 0
0.619441 -0.177412 0
0.628058 -0.179879 0
0.636796 -0.18238 0
0.645654 -0.184916 0
0.654636 -0.187487 0
0.663743 -0.190093 0
0.672977 -0.192736 0
0.682339 -0.195416 0
0.691831 -0.198133 0
0.701455 -0.200887 0
0.711214 -0.20368 0
0.721107 -0.206511 0
0.731139 -0.209382 0
0.74131 -0.212293 0
0.751623 -0.215244 0
0.762079 -0.218236 0
0.772681 -0.22127 0
0.78343 -0.224345 0
0.794328 -0.227464 0
0.805378 -0.230625 0
0.816582 -0.233831 0
0.827942 -0.237081 0
0.83946 -0.240376 0
0.851138 -0.243717 0
0.862979 -0.247104 0
0.874984 -0.250538 0
0.887156 -0.25402 0
0.899498 -0.25755 0
0.912011 -0.261129 0
0.924698 -0.264757 0
0.937562 -0.268436 0
0.950605 -0.272166 0
0.963829 -0.275948 0
0.977237 -0.279782 0
0.990832 -0.283669 0
1.00462 -0.28761 0
1.01859 -0.291606 0
1.03276 -0.295657 0
1.04713 -0.299764 0
1.0617 -0.303928 0
1.07647 -0.308149 0
1.09144 -0.312429 0
1.10662 -0.316769 0
1.12202 -0.321168 0
1.13763 -0.325628 0
1.15345 -0.33015 0
1.1695 -0.334735 0
1.18577 -0.339383 0
1.20226 -0.344095 0
1.21899 -0.348873 0
1.23595 -0.353717 0
1.25314 -0.358627 0
1.27057 -0.363606 0
1.28825 -0.368653 0
1.30617 -0.37377 0
1.32434 -0.378958 0
1.34276 -0.384217 0
1.36144 -0.389549 0
1.38038 -0.394955 0
1.39959 -0.400435 0
1.41906 -0.405991 0
1.4388 -0.411623 0
1.45881 -0.417334 0
1.47911 -0.423123 0
1.49968 -0.428991 0
1.52055 -0.434941 0
1.5417 -0.440973 0
1.56315 -0.447088 0
1.58489 -0.453287 0
1.60694 -0.459572 0
1.6293 -0.465943 0
1.65196 -0.472401 0
1.67494 -0.478949 0
1.69824 -0.485586 0
1.72187 -0.492315 0
1.74582 -0.499137 0
1.77011 -0.506052 0
1.79473 -0.513062 0
1.8197 -0.520168 0
1.84502 -0.527372 0
1.87068 -0.534675 0
1.89671 -0.542078 0
1.92309 -0.549582 0
1.94984 -0.55719 0
1.97697 -0.564901 0
2.00447 -0.572718 44.9563
2.03236 -0.580642 44.6863
2.06063 -0.588675 44.4163
2.0893 -0.596817 44.1463
2.11836 -0.60507 43.8763
2.14783 -0.613437 43.6063
2.17771 -0.621917 43.3363
2.208 -0.630513 43.0663
2.23872 -0.639227 42.7963
2.26986 -0.648059 42.5263
2.30144 -0.657012 42.2563
2.33346 -0.666086 41.9863
2.36592 -0.675284 41.7163
2.39883 -0.684607 41.4463
2.4322 -0.694056 41.1763
2.46604 -0.703634 40.9063
2.50035 -0.713342 40.6363
2.53513 -0.723182 40.3663
2.5704 -0.733154 40.0963
2.60615 -0.743262 39.8263
2.64241 -0.753507 39.5563
2.67917 -0.76389 39.2863
2.71644 -0.774413 39.0163
2.75423 -0.785078 38.7463
2.79254 -0.795887 38.4763
2.83139 -0.806842 38.2063
2.87078 -0.817944 37.9363
2.91072 -0.829195 37.6663
2.95121 -0.840598 37.3963
2.99226 -0.852153 37.1263
3.03389 -0.863863 36.8563
3.0761 -0.875731 36.5863
3.11889 -0.887756 36.3163
3.16228 -0.899943 36.0463
3.20627 -0.912292 35.7763
3.25087 -0.924805 35.5063
3.2961 -0.937485 35.2363
3.34195 -0.950333 34.9663
3.38844 -0.963353 34.6963
3.43558 -0.976544 34.4263
3.48337 -0.98991 34.1563
3.53183 -1.00345 33.8863
3.58096 -1.01717 33.6163
3.63078 -1.03108 33.3463
3.68129 -1.04516 33.0763
3.7325 -1.05943 32.8063
3.78443 -1.07389 32.5363
3.83707 -1.08854 32.2663
3.89045 -1.10337 31.9963
3.94457 -1.1184 31.7263
3.99945 -1.13363 31.4563
4.05509 -1.14905 31.1863
4.1115 -1.16468 30.9163
4.16869 -1.1805 30.6463
4.22669 -1.19653 30.3763
4.28549 -1.21277 30.1063
4.3451 -1.22921 29.8363
4.40555 -1.24587 29.5663
4.46684 -1.26274 29.2963
4.52898 -1.27982 29.0263
4.59198 -1.29712 28.7563
4.65586 -1.31464 28.4863
4.72063 -1.33238 28.2163
4.7863 -1.35034 27.9463
4.85289 -1.36853 27.6763
4.9204 -1.38695 27.4063
4.98884 -1.40559 27.1363
5.05825 -1.42447 -17.9073
5.12861 -1.44358 -17.9073
5.19996 -1.46293 -17.9073
5.2723 -1.48251 -17.9073
5.34564 -1.50234 -17.9073
5.42001 -1.5224 -17.9073
5.49541 -1.54271 -17.9073
5.57186 -1.56327 -17.9073
5.64937 -1.58407 -17.9073
5.72796 -1.60512 -17.9073
5.80764 -1.62642 -17.9073
5.88844 -1.64797 -17.9073
5.97035 -1.66978 -17.9073
6.05341 -1.69184 -17.9073
6.13762 -1.71416 -17.9073
6.223 -1.73674 -17.9073
6.30957 -1.75957 -17.9073
6.39735 -1.78267 -17.9073
6.48634 -1.80603 -17.9073
6.57658 -1.82965 -17.9073
6.66807 -1.85353 -17.9073
6.76083 -1.87768 -17.9073
6.85488 -1.9021 -17.9073
6.95024 -1.92678 -17.9073
7.04693 -1.95173 -17.9073
7.14496 -1.97694 -17.9073
7.24436 -2.00242 -17.9073
7.34514 -2.02817 -17.9073
7.44732 -2.05418 -17.9073
7.55092 -2.08046 -17.9073
7.65597 -2.10701 -17.9073
7.76247 -2.13382 -17.9073
7.87046 -2.1609 -17.9073
7.97995 -2.18824 -17.9073
8.09096 -2.21584 -17.9073
8.20352 -2.2437 -17.9073
8.31764 -2.27182 -17.9073
8.43335 -2.3002 -17.9073
8.55067 -2.32883 -17.9073
8.66962 -2.35771 -17.9073
8.79023 -2.38684 -17.9073
8.91251 -2.41622 -17.9073
9.03649 -2.44583 -17.9073
9.1622 -2.47568 -17.9073
9.28966 -2.50576 -17.9073
9.4189 -2.53607 -17.9073
9.54993 -2.5666 -17.9073
9.68278 -2.59735 -17.9073
9.81748 -2.6283 -17.9073
9.95405 -2.65946 -17.9073
10.0925 -2.69081 -17.9073
10.2329 -2.72235 -17.9073
10.3753 -2.75406 -17.9073
10.5196 -2.78594 -17.9073
10.666 -2.81798 -17.9073
10.8143 -2.85017 -17.9073
10.9648 -2.88249 -17.9073
11.1173 -2.91493 -17.9073
11.272 -2.94748 -17.9073
11.4288 -2.98012 -17.9073
11.5878 -3.01285 -17.9073
11.749 -3.04563 -17.9073
11.9124 -3.07846 -17.9073
12.0781 -3.11132 -17.9073
12.2462 -3.14418 -17.9073
12.4165 -3.17702 -17.9073
12.5893 -3.20983 -17.9073
12.7644 -3.24258 -17.9073
12.942 -3.27524 -17.9073
13.122 -3.30778 -17.9073
13.3045 -3.34018 -17.9073
13.4896 -3.37241 -17.9073
13.6773 -3.40443 -17.9073
13.8676 -3.4362 -17.9073
14.0605 -3.4677 -17.9073
14.2561 -3.49887 -17.9073
14.4544 -3.52969 -17.9073
14.6555 -3.56011 -17.9073
14.8594 -3.59007 -17.9073
15.0661 -3.61953 -17.9073
15.2757 -3.64843 -17.9073
15.4882 -3.67673 -17.9073
15.7036 -3.70435 -17.9073
15.9221 -3.73124 -17.9073
16.1436 -3.75733 -17.9073
16.3682 -3.78254 -17.9073
16.5959 -3.8068 -17.9073
16.8267 -3.83003 -17.9073
17.0608 -3.85215 -17.9073
17.2982 -3.87306 -17.9073
17.5388 -3.89266 -17.9073
17.7828 -3.91085 -17.9073
18.0302 -3.92752 -17.9073
18.281 -3.94255 -17.9073
18.5353 -3.95582 -17.9073
18.7932 -3.9672 -17.9073
19.0546 -3.97654 -17.9073
19.3197 -3.98369 -17.9073
19.5884 -3.98849 -17.9073
19.8609 -3.99078 -17.9073
20.1372 -3.99036 -17.9073
20.4174 -3.98704 -17.9073
20.7014 -3.98061 -17.9073
20.9894 -3.97085 -17.9073
21.2814 -3.95752 -17.9073
21.5774 -3.94036 -17.9073
21.8776 -3.91911 -17.9073
22.182 -3.89346 -17.9073
22.4905 -3.8631 -17.9073
22.8034 -3.82769 -17.9073
23.1206 -3.78687 -17.9073
23.4423 -3.74026 -17.9073
23.7684 -3.68742 -17.9073
24.0991 -3.62792 -17.9073
24.4343 -3.56125 -17.9073
24.7742 -3.4869 -17.9073
25.1189 -3.4043 -17.9073
25.4683 -3.31284 -17.9073
25.8226 -3.21185 -17.9073
26.1818 -3.10061 -17.9073
26.5461 -2.97834 -17.9073
26.9153 -2.84419 -17.9073
27.2898 -2.69725 -17.9073
27.6694 -2.53651 -17.9073
28.0543 -2.36088 -17.9073
28.4446 -2.16916 -17.9073
28.8403 -1.96006 -17.9073
29.2415 -1.73213 -17.9073
29.6483 -1.48381 -17.9073
30.0608 -1.21339 -17.9073
30.4789 -0.918977 -17.9073
30.903 -0.598478 -17.9073
31.3329 -0.249598 -17.9073
31.7687 0.130204 -17.9073
32.2107 0.543741 -17.9073
32.6588 0.994133 -17.9073
33.1131 1.48484 -17.9073
33.5738 2.01972 -17.9073
34.0408 2.60305 -17.9073
34.5144 3.23963 -17.9073
34.9945 3.93479 -17.9073
35.4813 4.69451 -17.9073
35.9749 5.52545 -17.9073
36.4754 6.43508 -17.9073
36.9828 7.43176 -17.9073
37.4973 8.5248 -17.9073
38.0189 9.7246 -17.9073
38.5478 11.0427 -17.9073
39.0841 12.4919 -17.9073
39.6278 14.0863 -17.9073
40.1791 15.841 -17.9073
40.738 17.7726 -17.9073
41.3048 19.8982 -17.9073
41.8794 22.2354 -17.9073
42.462 24.8016 -17.9073
43.0527 27.6125 -17.9073
43.6516 30.681 -17.9073
44.2588 34.0148 -17.9073
44.8745 37.6146 -17.9073
45.4988 41.4711 -17.9073
46.1318 45.563 -17.9073
46.7735 49.8552 -17.9073
47.4242 54.2992 -17.9073
48.0839 58.8351 -17.9073
48.7528 63.3949 -17.9073
49.4311 67.9086 -17.9073
50.1187 72.31 -17.9073
50.8159 76.5415 -17.9073
51.5229 80.5578 -17.9073
52.2396 84.3274 -17.9073
52.9663 87.8323 -17.9073
53.7032 91.0657 -17.9073
54.4503 94.0304 -17.9073
55.2077 96.7356 -17.9073
55.9758 99.1951 -17.9073
56.7545 101.425 -17.9073
57.544 103.443 -17.9073
58.3445 105.267 -17.9073
59.1562 106.914 -17.9073
59.9791 108.399 -17.9073
60.8135 109.739 -17.9073
61.6595 110.946 -17.9073
62.5173 112.034 -17.9073
63.387 113.014 -17.9073
64.2688 113.895 -17.9073
65.1628 114.687 -17.9073
66.0693 115.398 -17.9073
66.9885 116.035 -17.9073
67.9204 116.606 -17.9073
68.8652 117.115 -17.9073
69.8232 117.569 -17.9073
70.7946 117.971 -17.9073
71.7794 118.326 -17.9073
72.778 118.639 -17.9073
73.7904 118.912 -17.9073
74.817 119.148 -17.9073
75.8578 119.35 -17.9073
76.913 119.522 -17.9073
77.983 119.664 -17.9073
79.0679 119.78 -17.9073
80.1678 119.871 -17.9073
81.2831 119.94 -17.9073
82.4138 119.986 -17.9073
83.5603 120.013 -17.9073
84.7227 120.022 -17.9073
85.9014 120.013 -17.9073
87.0964 119.988 -17.9073
88.308 119.948 -17.9073
89.5365 119.894 -17.9073
90.7821 119.827 -17.9073
92.045 119.747 -17.9073
93.3254 119.656 -17.9073
94.6237 119.555 -17.9073
95.9401 119.443 -17.9073
97.2747 119.322 -17.9073
98.6279 119.193 -17.9073
100 119.055 -62.9073
101.391 118.909 -62.6373
102.802 118.756 -62.3673
104.232 118.597 -62.0973
105.682 118.431 -61.8273
107.152 118.259 -61.5573
108.643 118.082 -61.2873
110.154 117.9 -61.0173
111.686 117.713 -60.7473
113.24 117.522 -60.4773
114.815 117.327 -60.2073
116.413 117.128 -59.9373
118.032 116.925 -59.6673
119.674 116.72 -59.3973
121.339 116.511 -59.1273
123.027 116.3 -58.8573
124.738 116.086 -58.5873
126.474 115.87 -58.3173
128.233 115.652 -58.0473
130.017 115.432 -57.7773
131.826 115.211 -57.5073
133.66 114.988 -57.2373
135.519 114.764 -56.9673
137.404 114.538 -56.6973
139.316 114.312 -56.4273
141.254 114.085 -56.1573
143.219 113.857 -55.8873
145.211 113.629 -55.6173
147.231 113.4 -55.3473
149.279 113.171 -55.0773
151.356 112.942 -54.8073
153.462 112.713 -54.5373
155.597 112.484 -54.2673
157.761 112.255 -53.9973
159.956 112.026 -53.7273
162.181 111.798 -53.4573
164.437 111.571 -53.1873
166.725 111.343 -52.9173
169.044 111.117 -52.6473
171.396 110.891 -52.3773
173.78 110.666 -52.1073
176.198 110.442 -51.8373
178.649 110.218 -51.5673
181.134 109.996 -51.2973
183.654 109.775 -51.0273
186.209 109.555 -50.7573
188.799 109.335 -50.4873
191.426 109.118 -50.2173
194.089 108.901 -49.9473
196.789 108.686 -49.6773
199.526 108.472 -49.4073
202.302 108.259 -93.9137
205.116 108.048 -93.3737
207.97 107.838 -92.8337
210.863 107.629 -92.2937
213.796 107.423 -91.7537
216.77 107.217 -91.2137
219.786 107.013 -90.6737
222.844 106.811 -90.1337
225.944 106.611 -89.5937
229.087 106.412 -89.0537
232.274 106.214 -88.5137
235.505 106.019 -87.9737
238.781 105.825 -87.4337
242.103 105.632 -86.8937
245.471 105.442 -86.3537
248.886 105.253 -85.8137
252.348 105.066 -85.2737
255.859 104.88 -84.7337
259.418 104.696 -84.1937
263.027 104.514 -83.6537
266.686 104.334 -83.1137
270.396 104.156 -82.5737
274.157 103.979 -82.0337
277.971 103.804 -81.4937
281.838 103.63 -80.9537
285.759 103.459 -80.4137
289.734 103.289 -79.8737
293.765 103.121 -79.3337
297.852 102.955 -78.7937
301.995 102.79 -78.2537
306.196 102.628 -77.7137
310.456 102.467 -77.1737
314.775 102.307 -76.6337
319.154 102.15 -76.0937
323.594 101.994 -75.5537
328.095 101.84 -75.0137
332.66 101.687 -74.4737
337.287 101.537 -73.9337
341.979 101.388 -73.3937
346.737 101.24 -72.8537
351.56 101.095 -72.3137
356.451 100.951 -71.7737
361.41 100.808 -71.2337
366.438 100.668 -70.6937
371.535 100.529 -70.1537
376.704 100.391 -69.6137
381.944 100.255 -69.0737
387.258 100.121 -68.5337
392.645 99.9883 -67.9937
398.107 99.8572 -67.4537
403.645 99.7277 -66.9137
409.261 99.5997 -66.3737
414.954 99.4733 -65.8337
420.727 99.3484 -65.2937
426.58 99.225 -64.7537
432.514 99.1031 -64.2137
438.531 98.9827 -63.6737
444.631 98.8637 -63.1337
450.817 98.7463 -62.5937
457.088 98.6302 -62.0537
463.447 98.5156 -61.5137
469.894 98.4025 -60.9737
476.431 98.2907 -60.4337
483.059 98.1803 -59.8937
489.779 98.0713 -59.3537
496.592 97.9637 -58.8137
503.501 97.8574 -13.41
510.505 97.7525 -13.14
517.607 97.6489 -12.87
524.807 97.5466 -12.6
532.108 97.4456 -12.33
539.511 97.3459 -12.06
547.016 97.2474 -11.79
554.626 97.1502 -11.52
562.341 97.0543 -11.25
570.164 96.9596 -10.98
578.096 96.8661 -10.71
586.138 96.7738 -10.44
594.292 96.6827 -10.17
602.56 96.5927 -9.9
610.942 96.504 -9.63
619.441 96.4163 -9.36
628.058 96.3299 -9.09
636.796 96.2445 -8.82
645.654 96.1603 -8.55
654.636 96.0771 -8.28
663.743 95.9951 -8.01
672.977 95.9141 -7.74
682.339 95.8341 -7.47
691.831 95.7553 -7.2
701.455 95.6774 -6.93
711.214 95.6006 -6.66
721.107 95.5248 -6.39
731.139 95.45 -6.12
741.31 95.3761 -5.85
751.623 95.3033 -5.58
762.079 95.2314 -5.31
772.681 95.1605 -5.04
783.43 95.0905 -4.77
794.328 95.0214 -4.5
805.378 94.9532 -4.23
816.582 94.886 -3.96
827.942 94.8196 -3.69
839.46 94.7542 -3.42
851.138 94.6896 -3.15
862.979 94.6258 -2.88
874.984 94.5629 -2.61
887.156 94.5009 -2.34
899.498 94.4397 -2.07
912.011 94.3793 -1.8
924.698 94.3197 -1.53
937.562 94.2609 -1.26
950.605 94.2029 -0.99
963.829 94.1456 -0.72
977.237 94.0892 -0.45
990.832 94.0335 -0.18
1004.62 93.9785 45
1018.59 93.9243 45
1032.76 93.8708 45
1047.13 93.818 45
1061.7 93.766 45
1076.47 93.7146 45
1091.44 93.664 45
1106.62 93.614 45
1122.02 93.5647 45
1137.63 93.516 45
1153.45 93.468 45
1169.5 93.4207 45
1185.77 93.374 45
1202.26 93.3279 45
1218.99 93.2825 45
1235.95 93.2376 45
1253.14 93.1934 45
1270.57 93.1498 45
1288.25 93.1068 45
1306.17 93.0643 45
1324.34 93.0224 45
1342.76 92.9811 45
1361.44 92.9404 45
1380.38 92.9002 45
1399.59 92.8605 45
1419.06 92.8214 45
1438.8 92.7828 45
1458.81 92.7448 45
1479.11 92.7072 45
1499.68 92.6702 45
1520.55 92.6337 45
1541.7 92.5977 45
1563.15 92.5621 45
1584.89 92.5271 45
1606.94 92.4925 45
1629.3 92.4584 45
1651.96 92.4247 45
1674.94 92.3916 45
1698.24 92.3588 45
1721.87 92.3265 45
1745.82 92.2947 45
1770.11 92.2633 45
1794.73 92.2323 45
1819.7 92.2017 45
1845.02 92.1716 45
1870.68 92.1418 45
1896.71 92.1125 45
1923.09 92.0836 45
1949.84 92.055 45
1976.97 92.0269 45
2004.47 91.9991 45
2032.36 91.9718 45
2060.63 91.9448 45
2089.3 91.9181 45
2118.36 91.8918 45
2147.83 91.8659 45
2177.71 91.8404 45
2208 91.8151 45
2238.72 91.7903 45
2269.86 91.7657 45
2301.44 91.7415 45
2333.46 91.7177 45
2365.92 91.6941 45
2398.83 91.6709 45
2432.2 91.648 45
2466.04 91.6254 45
2500.35 91.6032 45
2535.13 91.5812 45
2570.4 91.5595 45
2606.15 91.5381 45
2642.41 91.5171 45
2679.17 91.4963 45
2716.44 91.4758 45
2754.23 91.4555 45
2792.54 91.4356 45
2831.39 91.4159 45
2870.78 91.3965 45
2910.72 91.3773 45
2951.21 91.3585 45
2992.26 91.3398 45
3033.89 91.3215 45
3076.1 91.3033 45
3118.89 91.2855 45
3162.28 91.2679 45
3206.27 91.2505 45
3250.87 91.2333 45
3296.1 91.2164 45
3341.95 91.1997 45
3388.44 91.1833 45
3435.58 91.1671 45
3483.37 91.1511 45
3531.83 91.1353 45
3580.96 91.1197 45
3630.78 91.1043 45
3681.29 91.0892 45
3732.5 91.0743 45
3784.43 91.0595 45
3837.07 91.045 45
3890.45 91.0307 45
3944.57 91.0165 45
3999.45 91.0026 45
4055.09 90.9888 45
4111.5 90.9753 45
4168.69 90.9619 45
4226.69 90.9487 45
4285.49 90.9357 45
4345.1 90.9229 45
4405.55 90.9102 45
4466.84 90.8977 45
4528.98 90.8854 45
4591.98 90.8733 45
4655.86 90.8613 45
4720.63 90.8495 45
4786.3 90.8378 45
4852.89 90.8263 45
4920.4 90.815 45
4988.84 90.8038 45
5058.25 90.7928 45
5128.61 90.7819 45
5199.96 90.7712 45
5272.3 90.7606 45
5345.64 90.7502 45
5420.01 90.7399 45
5495.41 90.7297 45
5571.86 90.7197 45
5649.37 90.7099 45
5727.96 90.7001 45
5807.64 90.6905 45
5888.44 90.681 45
5970.35 90.6717 45
6053.41 90.6625 45
6137.62 90.6534 45
6223 90.6444 45
6309.57 90.6356 45
6397.35 90.6269 45
6486.34 90.6183 45
6576.58 90.6098 45
6668.07 90.6014 45
6760.83 90.5932 45
6854.88 90.585 45
6950.24 90.577 45
7046.93 90.5691 45
7144.96 90.5613 45
7244.36 90.5536 45
7345.14 90.546 45
7447.32 90.5385 45
7550.92 90.5311 45
7655.97 90.5238 45
7762.47 90.5166 45
7870.46 90.5096 45
7979.95 90.5026 45
8090.96 90.4957 45
8203.52 90.4889 45
8317.64 90.4822 45
8433.35 90.4756 45
8550.67 90.469 45
8669.62 90.4626 45
8790.23 90.4562 45
8912.51 90.45 45
9036.49 90.4438 45
9162.2 90.4377 45
9289.66 90.4317 45
9418.9 90.4258 45
9549.93 90.42 45
9682.78 90.4142 45
9817.48 90.4085 45
9954.05 90.4029 45
10092.5 90.3974 89.82
10232.9 90.3919 89.55
10375.3 90.3866 89.28
10519.6 90.3812 89.01
10666 90.376 88.74
10814.3 90.3709 88.47
10964.8 90.3658 88.2
11117.3 90.3608 87.93
11272 90.3558 87.66
11428.8 90.3509 87.39
11587.8 90.3461 87.12
11749 90.3414 86.85
11912.4 90.3367 86.58
12078.1 90.3321 86.31
12246.2 90.3275 86.04
12416.5 90.323 85.77
12589.3 90.3186 85.5
12764.4 90.3142 85.23
12942 90.3099 84.96
13122 90.3056 84.69
13304.5 90.3014 84.42
13489.6 90.2973 84.15
13677.3 90.2932 83.88
13867.6 90.2892 83.61
14060.5 90.2852 83.34
14256.1 90.2813 83.07
14454.4 90.2775 82.8
14655.5 90.2737 82.53
14859.4 90.2699 82.26
15066.1 90.2662 81.99
15275.7 90.2626 81.72
15488.2 90.2589 81.45
15703.6 90.2554 81.18
15922.1 90.2519 80.91
16143.6 90.2484 80.64
16368.2 90.245 80.37
16595.9 90.2417 80.1
16826.7 90.2384 79.83
17060.8 90.2351 79.56
17298.2 90.2319 79.29
17538.8 90.2287 79.02
17782.8 90.2255 78.75
18030.2 90.2224 78.48
18281 90.2194 78.21
18535.3 90.2164 77.94
18793.2 90.2134 77.67
19054.6 90.2105 77.4
19319.7 90.2076 77.13
19588.4 90.2047 76.86
19860.9 90.2019 76.59
20137.2 90.1992 76.32
20417.4 90.1964 76.05
20701.4 90.1937 75.78
20989.4 90.1911 75.51
21281.4 90.1885 75.24
21577.4 90.1859 74.97
21877.6 90.1833 74.7
22182 90.1808 74.43
22490.5 90.1783 74.16
22803.4 90.1759 73.89
23120.6 90.1735 73.62
23442.3 90.1711 73.35
23768.4 90.1687 73.08
24099.1 90.1664 72.81
24434.3 90.1641 72.54
24774.2 90.1619 72.27
25118.9 90.1597 72
25468.3 90.1575 71.73
25822.6 90.1553 71.46
26181.8 90.1532 71.19
26546.1 90.1511 70.92
26915.3 90.149 70.65
27289.8 90.147 70.38
27669.4 90.145 70.11
28054.3 90.143 69.84
28444.6 90.141 69.57
28840.3 90.1391 69.3
29241.5 90.1372 69.03
29648.3 90.1353 68.76
30060.8 90.1334 68.49
30478.9 90.1316 68.22
30903 90.1298 67.95
31332.9 90.128 67.68
31768.7 90.1262 67.41
32210.7 90.1245 67.14
32658.8 90.1228 66.87
33113.1 90.1211 66.6
33573.8 90.1195 66.33
34040.8 90.1178 66.06
34514.4 90.1162 65.79
34994.5 90.1146 65.52
35481.3 90.113 65.25
35974.9 90.1115 64.98
36475.4 90.11 64.71
36982.8 90.1084 64.44
37497.3 90.107 64.17
38018.9 90.1055 63.9
38547.8 90.104 63.63
39084.1 90.1026 63.36
39627.8 90.1012 63.09
40179.1 90.0998 62.82
40738 90.0985 62.55
41304.8 90.0971 62.28
41879.4 90.0958 62.01
42462 90.0945 61.74
43052.7 90.0932 61.47
43651.6 90.0919 61.2
44258.8 90.0906 60.93
44874.5 90.0894 60.66
45498.8 90.0881 60.39
46131.8 90.0869 60.12
46773.5 90.0857 59.85
47424.2 90.0846 59.58
48083.9 90.0834 59.31
48752.8 90.0823 59.04
49431.1 90.0811 58.77
50118.7 90.08 58.5
50815.9 90.0789 58.23
51522.9 90.0778 57.96
52239.6 90.0768 57.69
52966.3 90.0757 57.42
53703.2 90.0747 57.15
54450.3 90.0737 56.88
55207.7 90.0726 56.61
55975.8 90.0717 56.34
56754.5 90.0707 56.07
57544 90.0697 55.8
58344.5 90.0687 55.53
59156.2 90.0678 55.26
59979.1 90.0669 54.99
60813.5 90.066 54.72
61659.5 90.065 54.45
62517.3 90.0642 54.18
63387 90.0633 53.91
64268.8 90.0624 53.64
65162.8 90.0615 53.37
66069.3 90.0607 53.1
66988.5 90.0599 52.83
67920.4 90.0591 52.56
68865.2 90.0582 52.29
69823.2 90.0574 52.02
70794.6 90.0567 51.75
71779.4 90.0559 51.48
72778 90.0551 51.21
73790.4 90.0544 50.94
74817 90.0536 50.67
75857.8 90.0529 50.4
76913 90.0521 50.13
77983 90.0514 49.86
79067.9 90.0507 49.59
80167.8 90.05 49.32
81283.1 90.0493 49.05
82413.8 90.0487 48.78
83560.3 90.048 48.51
84722.7 90.0473 48.24
85901.4 90.0467 47.97
87096.4 90.046 47.7
88308 90.0454 47.43
89536.5 90.0448 47.16
90782.1 90.0442 46.89
92045 90.0436 46.62
93325.4 90.043 46.35
94623.7 90.0424 46.08
95940.1 90.0418 45.81
97274.7 90.0412 45.54
98627.9 90.0407 45.27
100000 90.0401 45
