1 -0.000499998
1 -0.000506954
1 -0.000514006
1 -0.000521157
1 -0.000528407
1 -0.000535758
1 -0.000543211
1 -0.000550767
1 -0.000558429
1 -0.000566198
1 -0.000574074
1 -0.00058206
1 -0.000590158
1 -0.000598367
1 -0.000606692
1 -0.000615131
1.00001 -0.000623689
1.00001 -0.000632365
1.00001 -0.000641162
1.00001 -0.000650081
1.00001 -0.000659125
1.00001 -0.000668294
1.00001 -0.000677591
1.00001 -0.000687017
1.00001 -0.000696574
1.00001 -0.000706264
1.00001 -0.000716089
1.00001 -0.000726051
1.00001 -0.000736151
1.00001 -0.000746392
1.00001 -0.000756775
1.00001 -0.000767303
1.00001 -0.000777977
1.00001 -0.000788799
1.00001 -0.000799772
1.00001 -0.000810898
1.00001 -0.000822179
1.00001 -0.000833616
1.00001 -0.000845213
1.00001 -0.00085697
1.00001 -0.000868892
1.00001 -0.000880979
1.00001 -0.000893235
1.00001 -0.00090566
1.00001 -0.000918259
1.00001 -0.000931033
1.00001 -0.000943985
1.00001 -0.000957117
1.00001 -0.000970431
1.00001 -0.000983931
1.00001 -0.000997618
1.00001 -0.0010115
1.00001 -0.00102557
1.00001 -0.00103983
1.00001 -0.0010543
1.00001 -0.00106897
1.00002 -0.00108384
1.00002 -0.00109891
1.00002 -0.0011142
1.00002 -0.0011297
1.00002 -0.00114541
1.00002 -0.00116135
1.00002 -0.0011775
1.00002 -0.00119388
1.00002 -0.00121049
1.00002 -0.00122733
1.00002 -0.0012444
1.00002 -0.00126171
1.00002 -0.00127927
1.00002 -0.00129706
1.00002 -0.0013151
1.00002 -0.0013334
1.00002 -0.00135195
1.00002 -0.00137075
1.00003 -0.00138982
1.00003 -0.00140916
1.00003 -0.00142876
1.00003 -0.00144863
1.00003 -0.00146878
1.00003 -0.00148922
1.00003 -0.00150993
1.00003 -0.00153094
1.00003 -0.00155223
1.00003 -0.00157382
1.00003 -0.00159572
1.00003 -0.00161791
1.00003 -0.00164042
1.00004 -0.00166324
1.00004 -0.00168637
1.00004 -0.00170983
1.00004 -0.00173362
1.00004 -0.00175773
1.00004 -0.00178218
1.00004 -0.00180697
1.00004 -0.00183211
1.00004 -0.00185759
1.00005 -0.00188343
1.00005 -0.00190963
1.00005 -0.00193619
1.00005 -0.00196313
1.00005 -0.00199043
1.00005 -0.00201812
1.00005 -0.00204619
1.00006 -0.00207465
1.00006 -0.00210351
1.00006 -0.00213277
1.00006 -0.00216244
1.00006 -0.00219252
1.00006 -0.00222301
1.00007 -0.00225393
1.00007 -0.00228529
1.00007 -0.00231707
1.00007 -0.0023493
1.00007 -0.00238198
1.00008 -0.00241511
1.00008 -0.0024487
1.00008 -0.00248276
1.00008 -0.0025173
1.00008 -0.00255231
1.00009 -0.00258781
1.00009 -0.0026238
1.00009 -0.0026603
1.00009 -0.0026973
1.0001 -0.00273481
1.0001 -0.00277285
1.0001 -0.00281142
1.00011 -0.00285052
1.00011 -0.00289017
1.00011 -0.00293036
1.00011 -0.00297112
1.00012 -0.00301244
1.00012 -0.00305434
1.00012 -0.00309682
1.00013 -0.00313989
1.00013 -0.00318356
1.00014 -0.00322783
1.00014 -0.00327272
1.00014 -0.00331824
1.00015 -0.00336439
1.00015 -0.00341118
1.00016 -0.00345862
1.00016 -0.00350672
1.00016 -0.00355548
1.00017 -0.00360493
1.00017 -0.00365506
1.00018 -0.00370589
1.00018 -0.00375742
1.00019 -0.00380968
1.00019 -0.00386265
1.0002 -0.00391637
1.00021 -0.00397083
1.00021 -0.00402604
1.00022 -0.00408203
1.00022 -0.00413879
1.00023 -0.00419634
1.00024 -0.00425469
1.00024 -0.00431385
1.00025 -0.00437383
1.00026 -0.00443464
1.00026 -0.0044963
1.00027 -0.00455882
1.00028 -0.00462221
1.00029 -0.00468647
1.00029 -0.00475163
1.0003 -0.00481769
1.00031 -0.00488467
1.00032 -0.00495258
1.00033 -0.00502143
1.00034 -0.00509124
1.00035 -0.00516202
1.00036 -0.00523378
1.00037 -0.00530653
1.00038 -0.0053803
1.00039 -0.00545509
1.0004 -0.00553091
1.00041 -0.00560779
1.00042 -0.00568574
1.00043 -0.00576477
1.00044 -0.00584489
1.00046 -0.00592613
1.00047 -0.00600849
1.00048 -0.006092
1.0005 -0.00617666
1.00051 -0.0062625
1.00053 -0.00634953
1.00054 -0.00643777
1.00055 -0.00652723
1.00057 -0.00661793
1.00059 -0.00670988
1.0006 -0.00680312
1.00062 -0.00689764
1.00064 -0.00699347
1.00066 -0.00709064
1.00067 -0.00718914
1.00069 -0.00728902
1.00071 -0.00739027
1.00073 -0.00749293
1.00075 -0.00759701
1.00077 -0.00770253
1.00079 -0.00780952
1.00082 -0.00791798
1.00084 -0.00802795
1.00086 -0.00813944
1.00089 -0.00825247
1.00091 -0.00836706
1.00094 -0.00848324
1.00096 -0.00860103
1.00099 -0.00872044
1.00102 -0.00884151
1.00105 -0.00896425
1.00108 -0.00908868
1.00111 -0.00921484
1.00114 -0.00934274
1.00117 -0.00947241
1.0012 -0.00960386
1.00124 -0.00973714
1.00127 -0.00987225
1.00131 -0.0100092
1.00134 -0.0101481
1.00138 -0.0102889
1.00142 -0.0104316
1.00146 -0.0105763
1.0015 -0.010723
1.00154 -0.0108717
1.00159 -0.0110225
1.00163 -0.0111753
1.00168 -0.0113302
1.00173 -0.0114873
1.00177 -0.0116465
1.00182 -0.011808
1.00188 -0.0119716
1.00193 -0.0121375
1.00198 -0.0123057
1.00204 -0.0124762
1.00209 -0.012649
1.00215 -0.0128242
1.00221 -0.0130018
1.00228 -0.0131819
1.00234 -0.0133644
1.00241 -0.0135494
1.00247 -0.013737
1.00254 -0.0139271
1.00261 -0.0141198
1.00269 -0.0143152
1.00276 -0.0145132
1.00284 -0.0147139
1.00292 -0.0149174
1.003 -0.0151237
1.00309 -0.0153328
1.00318 -0.0155447
1.00326 -0.0157595
1.00336 -0.0159773
1.00345 -0.016198
1.00355 -0.0164217
1.00365 -0.0166485
1.00375 -0.0168783
1.00386 -0.0171113
1.00397 -0.0173474
1.00408 -0.0175868
1.00419 -0.0178293
1.00431 -0.0180752
1.00443 -0.0183244
1.00456 -0.0185769
1.00468 -0.0188329
1.00482 -0.0190923
1.00495 -0.0193553
1.00509 -0.0196217
1.00524 -0.0198918
1.00538 -0.0201655
1.00554 -0.0204428
1.00569 -0.0207239
1.00585 -0.0210087
1.00602 -0.0212974
1.00619 -0.0215899
1.00636 -0.0218863
1.00654 -0.0221867
1.00673 -0.0224911
1.00692 -0.0227995
1.00711 -0.0231121
1.00732 -0.0234287
1.00752 -0.0237496
1.00774 -0.0240747
1.00796 -0.0244041
1.00818 -0.0247379
1.00841 -0.025076
1.00865 -0.0254186
1.0089 -0.0257657
1.00915 -0.0261173
1.00941 -0.0264735
1.00968 -0.0268343
1.00995 -0.0271999
1.01023 -0.0275702
1.01052 -0.0279453
1.01082 -0.0283252
1.01113 -0.02871
1.01145 -0.0290998
1.01177 -0.0294946
1.01211 -0.0298944
1.01245 -0.0302993
1.01281 -0.0307094
1.01317 -0.0311247
1.01355 -0.0315452
1.01394 -0.031971
1.01434 -0.0324022
1.01475 -0.0328387
1.01517 -0.0332807
1.0156 -0.0337282
1.01605 -0.0341812
1.01651 -0.0346398
1.01698 -0.0351039
1.01747 -0.0355738
1.01797 -0.0360494
1.01849 -0.0365307
1.01902 -0.0370178
1.01956 -0.0375107
1.02013 -0.0380094
1.02071 -0.0385141
1.0213 -0.0390246
1.02192 -0.0395412
1.02255 -0.0400637
1.0232 -0.0405922
1.02388 -0.0411267
1.02457 -0.0416673
1.02528 -0.0422139
1.02601 -0.0427666
1.02677 -0.0433254
1.02755 -0.0438903
1.02835 -0.0444613
1.02917 -0.0450384
1.03002 -0.0456216
1.0309 -0.0462108
1.0318 -0.0468061
1.03274 -0.0474075
1.03369 -0.0480148
1.03468 -0.0486281
1.0357 -0.0492474
1.03675 -0.0498725
1.03783 -0.0505034
1.03895 -0.05114
1.0401 -0.0517824
1.04129 -0.0524303
1.04251 -0.0530837
1.04377 -0.0537424
1.04507 -0.0544064
1.04642 -0.0550756
1.0478 -0.0557497
1.04923 -0.0564286
1.0507 -0.0571121
1.05222 -0.0578
1.05379 -0.0584922
1.05541 -0.0591883
1.05708 -0.0598881
1.05881 -0.0605913
1.06059 -0.0612976
1.06243 -0.0620067
1.06433 -0.0627183
1.06629 -0.0634318
1.06831 -0.0641469
1.07041 -0.0648632
1.07257 -0.0655801
1.07481 -0.066297
1.07712 -0.0670134
1.0795 -0.0677287
1.08197 -0.0684421
1.08452 -0.069153
1.08717 -0.0698604
1.0899 -0.0705635
1.09272 -0.0712614
1.09565 -0.0719531
1.09867 -0.0726374
1.1018 -0.0733131
1.10505 -0.073979
1.10841 -0.0746336
1.11188 -0.0752754
1.11549 -0.0759027
1.11922 -0.0765139
1.12309 -0.0771068
1.12711 -0.0776795
1.13127 -0.0782296
1.13559 -0.0787548
1.14007 -0.0792521
1.14472 -0.0797189
1.14954 -0.0801518
1.15455 -0.0805475
1.15976 -0.0809021
1.16517 -0.0812116
1.17079 -0.0814714
1.17663 -0.0816768
1.18271 -0.0818222
1.18904 -0.081902
1.19562 -0.0819097
1.20247 -0.0818383
1.20961 -0.0816801
1.21704 -0.0814267
1.22479 -0.0810689
1.23287 -0.0805964
1.2413 -0.0799979
1.2501 -0.0792612
1.25928 -0.0783725
1.26888 -0.0773167
1.2789 -0.0760771
1.28938 -0.074635
1.30034 -0.0729698
1.3118 -0.0710586
1.32381 -0.0688759
1.33638 -0.0663932
1.34956 -0.0635786
1.36337 -0.0603965
1.37786 -0.0568069
1.39306 -0.0527651
1.40902 -0.0482206
1.42579 -0.0431165
1.4434 -0.0373888
1.46193 -0.0309649
1.4814 -0.0237625
1.5019 -0.0156885
1.52346 -0.0066367
1.54616 0.00351364
1.57005 0.0149003
1.5952 0.0276809
1.62167 0.0420357
1.64953 0.0581712
1.67882 0.0763244
1.7096 0.0967675
1.74189 0.119813
1.77573 0.14582
1.8111 0.175201
1.84796 0.208427
1.88621 0.246039
1.92569 0.288648
1.96615 0.33695
2.00722 0.391718
2.04837 0.45381
2.08886 0.524152
2.12768 0.603719
2.16352 0.693489
2.19465 0.794374
2.21888 0.90711
2.23351 1.0321
2.23529 1.1692
2.22054 1.31746
2.18529 1.47482
2.12562 1.63781
2.03824 1.80145
1.92112 1.95924
1.7742 2.10359
1.60002 2.2266
1.40378 2.32112
1.19306 2.38195
0.976799 2.4066
0.764112 2.39572
0.563032 2.3527
0.379661 2.2829
0.217799 2.19269
0.0790517 2.08846
-0.0367596 1.97602
-0.131068 1.86018
-0.206047 1.74464
-0.264198 1.6321
-0.308058 1.52435
-0.340014 1.42246
-0.36221 1.32701
-0.376507 1.23816
-0.384484 1.15584
-0.387456 1.0798
-0.386506 1.0097
-0.382518 0.945141
-0.376206 0.885705
-0.368145 0.830978
-0.358797 0.78056
-0.348528 0.734072
-0.33763 0.691164
-0.326335 0.651511
-0.314824 0.614819
-0.303241 0.58082
-0.291696 0.549271
-0.280275 0.519952
-0.269043 0.492666
-0.258051 0.467236
-0.247333 0.443501
-0.236918 0.421316
-0.226822 0.400553
-0.217057 0.381093
-0.207629 0.362831
-0.19854 0.345672
-0.18979 0.32953
-0.181376 0.314326
-0.173291 0.299989
-0.16553 0.286456
-0.158084 0.273668
-0.150945 0.261572
-0.144103 0.250119
-0.13755 0.239266
-0.131275 0.228971
-0.125269 0.219199
-0.119522 0.209915
-0.114025 0.201088
-0.108767 0.192689
-0.103739 0.184693
-0.0989333 0.177074
-0.0943396 0.169811
-0.0899497 0.162883
-0.085755 0.156271
-0.0817476 0.149957
-0.0779196 0.143924
-0.0742634 0.138157
-0.0707718 0.132643
-0.0674377 0.127367
-0.0642544 0.122317
-0.0612154 0.117483
-0.0583145 0.112852
-0.0555458 0.108416
-0.0529034 0.104163
-0.0503819 0.100087
-0.0479759 0.0961778
-0.0456805 0.092428
-0.0434908 0.0888303
-0.0414022 0.0853778
-0.0394101 0.0820637
-0.0375103 0.0788821
-0.0356988 0.075827
-0.0339715 0.0728928
-0.0323248 0.0700745
-0.0307551 0.0673669
-0.0292588 0.0647654
-0.0278329 0.0622655
-0.0264739 0.0598631
-0.0251791 0.0575539
-0.0239454 0.0553343
-0.0227701 0.0532005
-0.0216505 0.0511491
-0.0205842 0.0491768
-0.0195686 0.0472804
-0.0186016 0.0454568
-0.0176808 0.0437033
-0.0168041 0.0420169
-0.0159696 0.0403952
-0.0151752 0.0388355
-0.0144192 0.0373355
-0.0136997 0.0358928
-0.013015 0.0345052
-0.0123635 0.0331707
-0.0117438 0.0318871
-0.0111542 0.0306525
-0.0105934 0.0294651
-0.01006 0.028323
-0.00955281 0.0272245
-0.00907048 0.026168
-0.00861187 0.0251519
-0.00817586 0.0241746
-0.00776137 0.0232346
-0.00736738 0.0223306
-0.00699291 0.0214612
-0.00663702 0.0206251
-0.00629883 0.0198211
-0.00597747 0.0190478
-0.00567215 0.0183042
-0.00538207 0.0175892
-0.00510652 0.0169016
-0.00484477 0.0162404
-0.00459617 0.0156047
-0.00436006 0.0149934
-0.00413585 0.0144057
-0.00392294 0.0138406
-0.00372078 0.0132974
-0.00352885 0.0127751
-0.00334663 0.012273
-0.00317366 0.0117903
-0.00300947 0.0113263
-0.00285364 0.0108803
-0.00270573 0.0104515
-0.00256537 0.0100394
-0.00243218 0.00964335
-0.00230579 0.00926265
-0.00218587 0.00889676
-0.00207209 0.00854512
-0.00196415 0.00820717
-0.00186175 0.0078824
-0.00176462 0.00757031
-0.00167249 0.0072704
-0.0015851 0.00698222
-0.00150222 0.00670531
-0.00142362 0.00643924
-0.00134908 0.00618359
-0.00127839 0.00593796
-0.00121137 0.00570198
-0.00114782 0.00547526
-0.00108756 0.00525744
-0.00103044 0.0050482
-0.000976282 0.00484718
-0.000924942 0.00465409
-0.000876274 0.0044686
-0.000830141 0.00429042
-0.000786414 0.00411927
-0.000744968 0.00395489
-0.000705687 0.00379699
-0.000668458 0.00364534
-0.000633176 0.00349969
-0.00059974 0.0033598
-0.000568055 0.00322545
-0.000538031 0.00309643
-0.000509581 0.00297252
-0.000482623 0.00285353
-0.000457081 0.00273926
-0.000432881 0.00262953
-0.000409953 0.00252415
-0.000388231 0.00242297
-0.000367652 0.00232582
-0.000348157 0.00223253
-0.000329689 0.00214295
-0.000312194 0.00205695
-0.000295622 0.00197437
-0.000279924 0.00189508
-0.000265055 0.00181896
-0.000250972 0.00174587
-0.000237632 0.0016757
-0.000224998 0.00160834
-0.000213032 0.00154367
-0.000201699 0.00148158
-0.000190966 0.00142197
-0.000180802 0.00136475
-0.000171176 0.00130982
-0.00016206 0.00125709
-0.000153427 0.00120647
-0.000145252 0.00115788
-0.000137511 0.00111123
-0.000130181 0.00106646
-0.00012324 0.00102348
-0.000116667 0.000982226
-0.000110444 0.000942627
-0.000104551 0.000904618
-9.89721e-05 0.000868134
-9.36895e-05 0.000833116
-8.86879e-05 0.000799505
-8.39524e-05 0.000767244
-7.94689e-05 0.00073628
-7.52241e-05 0.000706561
-7.12054e-05 0.000678037
-6.74007e-05 0.000650661
-6.37987e-05 0.000624386
-6.03886e-05 0.000599168
-5.71603e-05 0.000574966
-5.41042e-05 0.000551738
-5.1211e-05 0.000529446
-4.84721e-05 0.000508052
-4.58793e-05 0.000487519
-4.34249e-05 0.000467814
-4.11015e-05 0.000448903
-3.89021e-05 0.000430755
-3.68201e-05 0.000413338
-3.48494e-05 0.000396624
-3.29838e-05 0.000380584
-3.1218e-05 0.000365191
-2.95465e-05 0.000350419
-2.79643e-05 0.000336243
-2.64666e-05 0.000322639
-2.50491e-05 0.000309585
-2.37073e-05 0.000297057
-2.24373e-05 0.000285036
-2.12352e-05 0.0002735
-2.00974e-05 0.00026243
-1.90204e-05 0.000251807
-1.80011e-05 0.000241613
-1.70363e-05 0.000231831
-1.61232e-05 0.000222445
-1.52589e-05 0.000213438
-1.44409e-05 0.000204795
-1.36667e-05 0.000196501
-1.29339e-05 0.000188543
-1.22404e-05 0.000180906
-1.1584e-05 0.000173579
-1.09627e-05 0.000166547
-1.03748e-05 0.000159801
-9.81833e-06 0.000153327
-9.29168e-06 0.000147115
-8.79325e-06 0.000141154
-8.32153e-06 0.000135434
-7.87509e-06 0.000129946
-7.45257e-06 0.000124681
-7.05271e-06 0.000119628
-6.67427e-06 0.00011478
-6.31612e-06 0.000110128
-5.97718e-06 0.000105664
-5.65641e-06 0.000101381
-5.35283e-06 9.72716e-05
-5.06554e-06 9.33285e-05
-4.79365e-06 8.95451e-05
-4.53635e-06 8.59149e-05
-4.29284e-06 8.24318e-05
-4.0624e-06 7.90897e-05
-3.84432e-06 7.5883e-05
-3.63793e-06 7.28063e-05
-3.44262e-06 6.98541e-05
-3.25779e-06 6.70216e-05
-3.08287e-06 6.43039e-05
-2.91734e-06 6.16962e-05
-2.7607e-06 5.91943e-05
-2.61246e-06 5.67937e-05
-2.47217e-06 5.44904e-05
-2.33941e-06 5.22804e-05
-2.21378e-06 5.016e-05
-2.09489e-06 4.81256e-05
-1.98238e-06 4.61736e-05
-1.87592e-06 4.43008e-05
-1.77516e-06 4.25038e-05
-1.67982e-06 4.07797e-05
-1.58959e-06 3.91255e-05
-1.50421e-06 3.75384e-05
-1.42341e-06 3.60156e-05
-1.34695e-06 3.45546e-05
-1.2746e-06 3.31528e-05
-1.20613e-06 3.18078e-05
-1.14134e-06 3.05174e-05
-1.08003e-06 2.92793e-05
-1.022e-06 2.80914e-05
-9.671e-07 2.69517e-05
-9.15143e-07 2.58582e-05
-8.65977e-07 2.4809e-05
-8.19452e-07 2.38024e-05
-7.75425e-07 2.28366e-05
-7.33763e-07 2.191e-05
-6.94339e-07 2.1021e-05
-6.57032e-07 2.0168e-05
-6.21729e-07 1.93497e-05
-5.88323e-07 1.85645e-05
-5.56711e-07 1.78112e-05
-5.26797e-07 1.70884e-05
-4.9849e-07 1.6395e-05
-4.71704e-07 1.57297e-05
-4.46356e-07 1.50913e-05
-4.22371e-07 1.44789e-05
-3.99674e-07 1.38913e-05
-3.78196e-07 1.33276e-05
-3.57873e-07 1.27867e-05
-3.38641e-07 1.22678e-05
-3.20442e-07 1.17699e-05
-3.03222e-07 1.12923e-05
-2.86926e-07 1.0834e-05
-2.71506e-07 1.03943e-05
-2.56915e-07 9.97242e-06
-2.43108e-07 9.56769e-06
-2.30042e-07 9.17937e-06
-2.17679e-07 8.80682e-06
-2.0598e-07 8.44938e-06
-1.9491e-07 8.10644e-06
-1.84434e-07 7.77742e-06
-1.74521e-07 7.46176e-06
-1.65142e-07 7.1589e-06
-1.56266e-07 6.86833e-06
-1.47867e-07 6.58955e-06
-1.39919e-07 6.32209e-06
-1.32399e-07 6.06548e-06
-1.25283e-07 5.81929e-06
-1.18549e-07 5.58308e-06
-1.12177e-07 5.35647e-06
-1.06148e-07 5.13905e-06
-1.00442e-07 4.93045e-06
-9.50434e-08 4.73032e-06
-8.99348e-08 4.53831e-06
-8.51007e-08 4.3541e-06
-8.05264e-08 4.17736e-06
-7.6198e-08 4.00779e-06
-7.21022e-08 3.84511e-06
-6.82266e-08 3.68903e-06
-6.45592e-08 3.53928e-06
-6.1089e-08 3.39561e-06
-5.78053e-08 3.25778e-06
-5.4698e-08 3.12553e-06
-5.17578e-08 2.99866e-06
-4.89756e-08 2.87693e-06
-4.6343e-08 2.76015e-06
-4.38519e-08 2.64811e-06
-4.14946e-08 2.54061e-06
-3.92641e-08 2.43748e-06
-3.71535e-08 2.33853e-06
-3.51563e-08 2.2436e-06
-3.32664e-08 2.15252e-06
-3.14782e-08 2.06514e-06
-2.9786e-08 1.98131e-06
-2.81849e-08 1.90088e-06
-2.66697e-08 1.82371e-06
-2.52361e-08 1.74968e-06
-2.38795e-08 1.67865e-06
-2.25958e-08 1.6105e-06
-2.13811e-08 1.54513e-06
-2.02317e-08 1.4824e-06
-1.91441e-08 1.42222e-06
-1.8115e-08 1.36449e-06
-1.71412e-08 1.30909e-06
-1.62197e-08 1.25595e-06
-1.53478e-08 1.20496e-06
-1.45227e-08 1.15605e-06
-1.3742e-08 1.10912e-06
-1.30032e-08 1.06409e-06
-1.23042e-08 1.02089e-06
-1.16428e-08 9.79447e-07
-1.10169e-08 9.39685e-07
-1.04246e-08 9.01537e-07
-9.8642e-09 8.64938e-07
-9.33391e-09 8.29825e-07
-8.83213e-09 7.96136e-07
-8.35732e-09 7.63816e-07
-7.90804e-09 7.32807e-07
-7.48291e-09 7.03057e-07
-7.08063e-09 6.74515e-07
-6.69998e-09 6.47132e-07
-6.33979e-09 6.2086e-07
-5.99896e-09 5.95655e-07
-5.67646e-09 5.71473e-07
-5.3713e-09 5.48273e-07
-5.08254e-09 5.26015e-07
-4.8093e-09 5.0466e-07
-4.55075e-09 4.84172e-07
-4.3061e-09 4.64516e-07
-4.0746e-09 4.45657e-07
-3.85555e-09 4.27565e-07
-3.64828e-09 4.10207e-07
-3.45214e-09 3.93553e-07
-3.26655e-09 3.77576e-07
-3.09094e-09 3.62247e-07
-2.92477e-09 3.47541e-07
-2.76753e-09 3.33431e-07
-2.61875e-09 3.19895e-07
-2.47796e-09 3.06907e-07
-2.34475e-09 2.94448e-07
-2.21869e-09 2.82494e-07
-2.09941e-09 2.71025e-07
-1.98654e-09 2.60022e-07
-1.87975e-09 2.49465e-07
-1.77869e-09 2.39338e-07
-1.68306e-09 2.29621e-07
-1.59258e-09 2.20299e-07
-1.50696e-09 2.11355e-07
-1.42595e-09 2.02774e-07
-1.34928e-09 1.94542e-07
-1.27674e-09 1.86644e-07
-1.20811e-09 1.79066e-07
-1.14316e-09 1.71797e-07
-1.0817e-09 1.64822e-07
-1.02354e-09 1.5813e-07
-9.68517e-10 1.51711e-07
-9.16448e-10 1.45551e-07
-8.67178e-10 1.39642e-07
-8.20557e-10 1.33973e-07
-7.76443e-10 1.28534e-07
-7.347e-10 1.23316e-07
-6.95201e-10 1.18309e-07
-6.57826e-10 1.13506e-07
-6.2246e-10 1.08898e-07
-5.88995e-10 1.04477e-07
-5.5733e-10 1.00235e-07
-5.27367e-10 9.61656e-08
-4.99014e-10 9.22614e-08
-4.72186e-10 8.85157e-08
-4.46801e-10 8.4922e-08
-4.2278e-10 8.14743e-08
-4.0005e-10 7.81665e-08
-3.78543e-10 7.49931e-08
-3.58192e-10 7.19484e-08
-3.38934e-10 6.90274e-08
-3.20713e-10 6.6225e-08
-3.0347e-10 6.35363e-08
-2.87155e-10 6.09568e-08
-2.71717e-10 5.8482e-08
-2.57109e-10 5.61077e-08
-2.43286e-10 5.38298e-08
-2.30207e-10 5.16444e-08
-2.1783e-10 4.95477e-08
-2.06119e-10 4.75361e-08
-1.95038e-10 4.56062e-08
-1.84552e-10 4.37546e-08
-1.7463e-10 4.19782e-08
-1.65242e-10 4.02739e-08
-1.56358e-10 3.86389e-08
-1.47952e-10 3.70702e-08
-1.39997e-10 3.55651e-08
-1.32471e-10 3.41212e-08
-1.25349e-10 3.27359e-08
-1.1861e-10 3.14069e-08
-1.12233e-10 3.01318e-08
-1.06199e-10 2.89085e-08
-1.0049e-10 2.77348e-08
-9.50871e-11 2.66088e-08
-8.9975e-11 2.55285e-08
-8.51377e-11 2.44921e-08
-8.05605e-11 2.34977e-08
-7.62293e-11 2.25437e-08
-7.21311e-11 2.16285e-08
-6.82531e-11 2.07504e-08
-6.45837e-11 1.99079e-08
-6.11115e-11 1.90997e-08
-5.7826e-11 1.83243e-08
-5.47171e-11 1.75803e-08
-5.17754e-11 1.68666e-08
-4.89918e-11 1.61818e-08
-4.63579e-11 1.55248e-08
-4.38656e-11 1.48945e-08
-4.15072e-11 1.42898e-08
-3.92757e-11 1.37097e-08
-3.71641e-11 1.31531e-08
-3.51661e-11 1.26191e-08
-3.32755e-11 1.21067e-08
-3.14865e-11 1.16152e-08
-2.97937e-11 1.11437e-08
-2.81919e-11 1.06912e-08
-2.66762e-11 1.02572e-08
-2.52421e-11 9.84074e-09
-2.3885e-11 9.44121e-09
-2.26009e-11 9.05791e-09
-2.13858e-11 8.69016e-09
-2.0236e-11 8.33735e-09
-1.91481e-11 7.99886e-09
-1.81186e-11 7.67411e-09
-1.71445e-11 7.36255e-09
-1.62228e-11 7.06363e-09
-1.53506e-11 6.77686e-09
-1.45253e-11 6.50172e-09
-1.37444e-11 6.23776e-09
-1.30055e-11 5.98451e-09
-1.23062e-11 5.74154e-09
-1.16446e-11 5.50844e-09
-1.10186e-11 5.2848e-09
-1.04262e-11 5.07024e-09
-9.86566e-12 4.86439e-09
-9.33525e-12 4.6669e-09
-8.83336e-12 4.47743e-09
-8.35846e-12 4.29565e-09
-7.90908e-12 4.12125e-09
-7.48387e-12 3.95393e-09
-7.08152e-12 3.7934e-09
-6.70079e-12 3.63939e-09
-6.34054e-12 3.49164e-09
-5.99966e-12 3.34988e-09
-5.6771e-12 3.21387e-09
-5.37188e-12 3.08339e-09
-5.08308e-12 2.95821e-09
-4.8098e-12 2.83811e-09
-4.55121e-12 2.72288e-09
-4.30652e-12 2.61234e-09
-4.07499e-12 2.50628e-09
-3.85591e-12 2.40452e-09
-3.6486e-12 2.3069e-09
-3.45245e-12 2.21324e-09
-3.26683e-12 2.12339e-09
-3.0912e-12 2.03718e-09
-2.92501e-12 1.95447e-09
-2.76775e-12 1.87512e-09
-2.61895e-12 1.79899e-09
-2.47815e-12 1.72595e-09
-2.34491e-12 1.65588e-09
-2.21885e-12 1.58865e-09
-2.09955e-12 1.52416e-09
-1.98668e-12 1.46228e-09
-1.87987e-12 1.40291e-09
-1.7788e-12 1.34595e-09
-1.68317e-12 1.29131e-09
-1.59268e-12 1.23888e-09
-1.50705e-12 1.18858e-09
-1.42603e-12 1.14033e-09
-1.34936e-12 1.09403e-09
-1.27681e-12 1.04961e-09
-1.20817e-12 1.007e-09
-1.14321e-12 9.66117e-10
-1.08175e-12 9.26893e-10
-1.02359e-12 8.89262e-10
-9.68562e-13 8.53158e-10
-9.16489e-13 8.18521e-10
-8.67216e-13 7.85289e-10
-8.20592e-13 7.53407e-10
-7.76475e-13 7.22819e-10
-7.34729e-13 6.93473e-10
-6.95228e-13 6.65319e-10
-6.57851e-13 6.38307e-10
-6.22483e-13 6.12392e-10
-5.89017e-13 5.87529e-10
-5.57349e-13 5.63676e-10
-5.27385e-13 5.40791e-10
-4.99031e-13 5.18835e-10
-4.72202e-13 4.97771e-10
-4.46815e-13 4.77562e-10
-4.22793e-13 4.58173e-10
-4.00062e-13 4.39572e-10
-3.78554e-13 4.21725e-10
-3.58202e-13 4.04604e-10
-3.38944e-13 3.88177e-10
-3.20721e-13 3.72417e-10
-3.03478e-13 3.57297e-10
-2.87162e-13 3.42791e-10
-2.71724e-13 3.28874e-10
-2.57115e-13 3.15522e-10
-2.43292e-13 3.02712e-10
-2.30212e-13 2.90422e-10
-2.17835e-13 2.78631e-10
-2.06124e-13 2.67319e-10
-1.95042e-13 2.56466e-10
-1.84556e-13 2.46054e-10
-1.74634e-13 2.36064e-10
-1.65245e-13 2.2648e-10
-1.56361e-13 2.17285e-10
-1.47954e-13 2.08463e-10
-1.4e-13 2e-10
