0.1 -0.0286477
0.101391 -0.0290462
0.102802 -0.0294503
0.104232 -0.02986
0.105682 -0.0302754
0.107152 -0.0306965
0.108643 -0.0311236
0.110154 -0.0315565
0.111686 -0.0319955
0.11324 -0.0324406
0.114815 -0.0328919
0.116413 -0.0333495
0.118032 -0.0338134
0.119674 -0.0342838
0.121339 -0.0347607
0.123027 -0.0352443
0.124738 -0.0357345
0.126474 -0.0362316
0.128233 -0.0367357
0.130017 -0.0372467
0.131826 -0.0377648
0.13366 -0.0382902
0.135519 -0.0388228
0.137404 -0.0393629
0.139316 -0.0399105
0.141254 -0.0404657
0.143219 -0.0410286
0.145211 -0.0415994
0.147231 -0.042178
0.149279 -0.0427648
0.151356 -0.0433597
0.153462 -0.0439629
0.155597 -0.0445744
0.157761 -0.0451945
0.159956 -0.0458232
0.162181 -0.0464606
0.164437 -0.0471069
0.166725 -0.0477622
0.169044 -0.0484267
0.171396 -0.0491003
0.17378 -0.0497833
0.176198 -0.0504759
0.178649 -0.051178
0.181134 -0.05189
0.183654 -0.0526118
0.186209 -0.0533436
0.188799 -0.0540857
0.191426 -0.0548381
0.194089 -0.0556009
0.196789 -0.0563744
0.199526 -0.0571586
0.202302 -0.0579537
0.205116 -0.0587598
0.20797 -0.0595772
0.210863 -0.060406
0.213796 -0.0612463
0.21677 -0.0620982
0.219786 -0.062962
0.222844 -0.0638379
0.225944 -0.0647259
0.229087 -0.0656263
0.232274 -0.0665391
0.235505 -0.0674647
0.238781 -0.0684032
0.242103 -0.0693547
0.245471 -0.0703194
0.248886 -0.0712976
0.252348 -0.0722894
0.255859 -0.0732949
0.259418 -0.0743145
0.263027 -0.0753482
0.266686 -0.0763963
0.270396 -0.077459
0.274157 -0.0785364
0.277971 -0.0796289
0.281838 -0.0807365
0.285759 -0.0818595
0.289734 -0.0829982
0.293765 -0.0841527
0.297852 -0.0853232
0.301995 -0.08651
0.306196 -0.0877134
0.310456 -0.0889334
0.314775 -0.0901705
0.319154 -0.0914247
0.323594 -0.0926964
0.328095 -0.0939857
0.33266 -0.095293
0.337287 -0.0966185
0.341979 -0.0979624
0.346737 -0.0993249
0.35156 -0.100706
0.356451 -0.102107
0.36141 -0.103527
0.366438 -0.104967
0.371535 -0.106427
0.376704 -0.107908
0.381944 -0.109408
0.387258 -0.11093
0.392645 -0.112473
0.398107 -0.114037
0.403645 -0.115623
0.409261 -0.117232
0.414954 -0.118862
0.420727 -0.120515
0.42658 -0.122191
0.432514 -0.123891
0.438531 -0.125614
0.444631 -0.127361
0.450817 -0.129132
0.457088 -0.130928
0.463447 -0.132749
0.469894 -0.134595
0.476431 -0.136467
0.483059 -0.138365
0.489779 -0.140289
0.496592 -0.14224
0.503501 -0.144218
0.510505 -0.146224
0.517607 -0.148257
0.524807 -0.150319
0.532108 -0.152409
0.539511 -0.154529
0.547016 -0.156678
0.554626 -0.158856
0.562341 -0.161065
0.570164 -0.163305
0.578096 -0.165576
0.586138 -0.167878
0.594292 -0.170213
0.60256 -0.172579
0.610942 -0.174979
0.619441 -0.177412
0.628058 -0.179879
0.636796 -0.18238
0.645654 -0.184916
0.654636 -0.187487
0.663743 -0.190093
0.672977 -0.192736
0.682339 -0.195416
0.691831 -0.198133
0.701455 -0.200887
0.711214 -0.20368
0.721107 -0.206511
0.731139 -0.209382
0.74131 -0.212293
0.751623 -0.215244
0.762079 -0.218236
0.772681 -0.22127
0.78343 -0.224345
0.794328 -0.227464
0.805378 -0.230625
0.816582 -0.233831
0.827942 -0.237081
0.83946 -0.240376
0.851138 -0.243717
0.862979 -0.247104
0.874984 -0.250538
0.887156 -0.25402
0.899498 -0.25755
0.912011 -0.261129
0.924698 -0.264757
0.937562 -0.268436
0.950605 -0.272166
0.963829 -0.275948
0.977237 -0.279782
0.990832 -0.283669
1.00462 -0.28761
1.01859 -0.291606
1.03276 -0.295657
1.04713 -0.299764
1.0617 -0.303928
1.07647 -0.308149
1.09144 -0.312429
1.10662 -0.316769
1.12202 -0.321168
1.13763 -0.325628
1.15345 -0.33015
1.1695 -0.334735
1.18577 -0.339383
1.20226 -0.344095
1.21899 -0.348873
1.23595 -0.353717
1.25314 -0.358627
1.27057 -0.363606
1.28825 -0.368653
1.30617 -0.37377
1.32434 -0.378958
1.34276 -0.384217
1.36144 -0.389549
1.38038 -0.394955
1.39959 -0.400435
1.41906 -0.405991
1.4388 -0.411623
1.45881 -0.417334
1.47911 -0.423123
1.49968 -0.428991
1.52055 -0.434941
1.5417 -0.440973
1.56315 -0.447088
1.58489 -0.453287
1.60694 -0.459572
1.6293 -0.465943
1.65196 -0.472401
1.67494 -0.478949
1.69824 -0.485586
1.72187 -0.492315
1.74582 -0.499137
1.77011 -0.506052
1.79473 -0.513062
1.8197 -0.520168
1.84502 -0.527372
1.87068 -0.534675
1.89671 -0.542078
1.92309 -0.549582
1.94984 -0.55719
1.97697 -0.564901
2.00447 -0.572718
2.03236 -0.580642
2.06063 -0.588675
2.0893 -0.596817
2.11836 -0.60507
2.14783 -0.613437
2.17771 -0.621917
2.208 -0.630513
2.23872 -0.639227
2.26986 -0.648059
2.30144 -0.657012
2.33346 -0.666086
2.36592 -0.675284
2.39883 -0.684607
2.4322 -0.694056
2.46604 -0.703634
2.50035 -0.713342
2.53513 -0.723182
2.5704 -0.733154
2.60615 -0.743262
2.64241 -0.753507
2.67917 -0.76389
2.71644 -0.774413
2.75423 -0.785078
2.79254 -0.795887
2.83139 -0.806842
2.87078 -0.817944
2.91072 -0.829195
2.95121 -0.840598
2.99226 -0.852153
3.03389 -0.863863
3.0761 -0.875731
3.11889 -0.887756
3.16228 -0.899943
3.20627 -0.912292
3.25087 -0.924805
3.2961 -0.937485
3.34195 -0.950333
3.38844 -0.963353
3.43558 -0.976544
3.48337 -0.98991
3.53183 -1.00345
3.58096 -1.01717
3.63078 -1.03108
3.68129 -1.04516
3.7325 -1.05943
3.78443 -1.07389
3.83707 -1.08854
3.89045 -1.10337
3.94457 -1.1184
3.99945 -1.13363
4.05509 -1.14905
4.1115 -1.16468
4.16869 -1.1805
4.22669 -1.19653
4.28549 -1.21277
4.3451 -1.22921
4.40555 -1.24587
4.46684 -1.26274
4.52898 -1.27982
4.59198 -1.29712
4.65586 -1.31464
4.72063 -1.33238
4.7863 -1.35034
4.85289 -1.36853
4.9204 -1.38695
4.98884 -1.40559
5.05825 -1.42447
5.12861 -1.44358
5.19996 -1.46293
5.2723 -1.48251
5.34564 -1.50234
5.42001 -1.5224
5.49541 -1.54271
5.57186 -1.56327
5.64937 -1.58407
5.72796 -1.60512
5.80764 -1.62642
5.88844 -1.64797
5.97035 -1.66978
6.05341 -1.69184
6.13762 -1.71416
6.223 -1.73674
6.30957 -1.75957
6.39735 -1.78267
6.48634 -1.80603
6.57658 -1.82965
6.66807 -1.85353
6.76083 -1.87768
6.85488 -1.9021
6.95024 -1.92678
7.04693 -1.95173
7.14496 -1.97694
7.24436 -2.00242
7.34514 -2.02817
7.44732 -2.05418
7.55092 -2.08046
7.65597 -2.10701
7.76247 -2.13382
7.87046 -2.1609
7.97995 -2.18824
8.09096 -2.21584
8.20352 -2.2437
8.31764 -2.27182
8.43335 -2.3002
8.55067 -2.32883
8.66962 -2.35771
8.79023 -2.38684
8.91251 -2.41622
9.03649 -2.44583
9.1622 -2.47568
9.28966 -2.50576
9.4189 -2.53607
9.54993 -2.5666
9.68278 -2.59735
9.81748 -2.6283
9.95405 -2.65946
10.0925 -2.69081
10.2329 -2.72235
10.3753 -2.75406
10.5196 -2.78594
10.666 -2.81798
10.8143 -2.85017
10.9648 -2.88249
11.1173 -2.91493
11.272 -2.94748
11.4288 -2.98012
11.5878 -3.01285
11.749 -3.04563
11.9124 -3.07846
12.0781 -3.11132
12.2462 -3.14418
12.4165 -3.17702
12.5893 -3.20983
12.7644 -3.24258
12.942 -3.27524
13.122 -3.30778
13.3045 -3.34018
13.4896 -3.37241
13.6773 -3.40443
13.8676 -3.4362
14.0605 -3.4677
14.2561 -3.49887
14.4544 -3.52969
14.6555 -3.56011
14.8594 -3.59007
15.0661 -3.61953
15.2757 -3.64843
15.4882 -3.67673
15.7036 -3.70435
15.9221 -3.73124
16.1436 -3.75733
16.3682 -3.78254
16.5959 -3.8068
16.8267 -3.83003
17.0608 -3.85215
17.2982 -3.87306
17.5388 -3.89266
17.7828 -3.91085
18.0302 -3.92752
18.281 -3.94255
18.5353 -3.95582
18.7932 -3.9672
19.0546 -3.97654
19.3197 -3.98369
19.5884 -3.98849
19.8609 -3.99078
20.1372 -3.99036
20.4174 -3.98704
20.7014 -3.98061
20.9894 -3.97085
21.2814 -3.95752
21.5774 -3.94036
21.8776 -3.91911
22.182 -3.89346
22.4905 -3.8631
22.8034 -3.82769
23.1206 -3.78687
23.4423 -3.74026
23.7684 -3.68742
24.0991 -3.62792
24.4343 -3.56125
24.7742 -3.4869
25.1189 -3.4043
25.4683 -3.31284
25.8226 -3.21185
26.1818 -3.10061
26.5461 -2.97834
26.9153 -2.84419
27.2898 -2.69725
27.6694 -2.53651
28.0543 -2.36088
28.4446 -2.16916
28.8403 -1.96006
29.2415 -1.73213
29.6483 -1.48381
30.0608 -1.21339
30.4789 -0.918977
30.903 -0.598478
31.3329 -0.249598
31.7687 0.130204
32.2107 0.543741
32.6588 0.994133
33.1131 1.48484
33.5738 2.01972
34.0408 2.60305
34.5144 3.23963
34.9945 3.93479
35.4813 4.69451
35.9749 5.52545
36.4754 6.43508
36.9828 7.43176
37.4973 8.5248
38.0189 9.7246
38.5478 11.0427
39.0841 12.4919
39.6278 14.0863
40.1791 15.841
40.738 17.7726
41.3048 19.8982
41.8794 22.2354
42.462 24.8016
43.0527 27.6125
43.6516 30.681
44.2588 34.0148
44.8745 37.6146
45.4988 41.4711
46.1318 45.563
46.7735 49.8552
47.4242 54.2992
48.0839 58.8351
48.7528 63.3949
49.4311 67.9086
50.1187 72.31
50.8159 76.5415
51.5229 80.5578
52.2396 84.3274
52.9663 87.8323
53.7032 91.0657
54.4503 94.0304
55.2077 96.7356
55.9758 99.1951
56.7545 101.425
57.544 103.443
58.3445 105.267
59.1562 106.914
59.9791 108.399
60.8135 109.739
61.6595 110.946
62.5173 112.034
63.387 113.014
64.2688 113.895
65.1628 114.687
66.0693 115.398
66.9885 116.035
67.9204 116.606
68.8652 117.115
69.8232 117.569
70.7946 117.971
71.7794 118.326
72.778 118.639
73.7904 118.912
74.817 119.148
75.8578 119.35
76.913 119.522
77.983 119.664
79.0679 119.78
80.1678 119.871
81.2831 119.94
82.4138 119.986
83.5603 120.013
84.7227 120.022
85.9014 120.013
87.0964 119.988
88.308 119.948
89.5365 119.894
90.7821 119.827
92.045 119.747
93.3254 119.656
94.6237 119.555
95.9401 119.443
97.2747 119.322
98.6279 119.193
100 119.055
101.391 118.909
102.802 118.756
104.232 118.597
105.682 118.431
107.152 118.259
108.643 118.082
110.154 117.9
111.686 117.713
113.24 117.522
114.815 117.327
116.413 117.128
118.032 116.925
119.674 116.72
121.339 116.511
123.027 116.3
124.738 116.086
126.474 115.87
128.233 115.652
130.017 115.432
131.826 115.211
133.66 114.988
135.519 114.764
137.404 114.538
139.316 114.312
141.254 114.085
143.219 113.857
145.211 113.629
147.231 113.4
149.279 113.171
151.356 112.942
153.462 112.713
155.597 112.484
157.761 112.255
159.956 112.026
162.181 111.798
164.437 111.571
166.725 111.343
169.044 111.117
171.396 110.891
173.78 110.666
176.198 110.442
178.649 110.218
181.134 109.996
183.654 109.775
186.209 109.555
188.799 109.335
191.426 109.118
194.089 108.901
196.789 108.686
199.526 108.472
202.302 108.259
205.116 108.048
207.97 107.838
210.863 107.629
213.796 107.423
216.77 107.217
219.786 107.013
222.844 106.811
225.944 106.611
229.087 106.412
232.274 106.214
235.505 106.019
238.781 105.825
242.103 105.632
245.471 105.442
248.886 105.253
252.348 105.066
255.859 104.88
259.418 104.696
263.027 104.514
266.686 104.334
270.396 104.156
274.157 103.979
277.971 103.804
281.838 103.63
285.759 103.459
289.734 103.289
293.765 103.121
297.852 102.955
301.995 102.79
306.196 102.628
310.456 102.467
314.775 102.307
319.154 102.15
323.594 101.994
328.095 101.84
332.66 101.687
337.287 101.537
341.979 101.388
346.737 101.24
351.56 101.095
356.451 100.951
361.41 100.808
366.438 100.668
371.535 100.529
376.704 100.391
381.944 100.255
387.258 100.121
392.645 99.9883
398.107 99.8572
403.645 99.7277
409.261 99.5997
414.954 99.4733
420.727 99.3484
426.58 99.225
432.514 99.1031
438.531 98.9827
444.631 98.8637
450.817 98.7463
457.088 98.6302
463.447 98.5156
469.894 98.4025
476.431 98.2907
483.059 98.1803
489.779 98.0713
496.592 97.9637
503.501 97.8574
510.505 97.7525
517.607 97.6489
524.807 97.5466
532.108 97.4456
539.511 97.3459
547.016 97.2474
554.626 97.1502
562.341 97.0543
570.164 96.9596
578.096 96.8661
586.138 96.7738
594.292 96.6827
602.56 96.5927
610.942 96.504
619.441 96.4163
628.058 96.3299
636.796 96.2445
645.654 96.1603
654.636 96.0771
663.743 95.9951
672.977 95.9141
682.339 95.8341
691.831 95.7553
701.455 95.6774
711.214 95.6006
721.107 95.5248
731.139 95.45
741.31 95.3761
751.623 95.3033
762.079 95.2314
772.681 95.1605
783.43 95.0905
794.328 95.0214
805.378 94.9532
816.582 94.886
827.942 94.8196
839.46 94.7542
851.138 94.6896
862.979 94.6258
874.984 94.5629
887.156 94.5009
899.498 94.4397
912.011 94.3793
924.698 94.3197
937.562 94.2609
950.605 94.2029
963.829 94.1456
977.237 94.0892
990.832 94.0335
1004.62 93.9785
1018.59 93.9243
1032.76 93.8708
1047.13 93.818
1061.7 93.766
1076.47 93.7146
1091.44 93.664
1106.62 93.614
1122.02 93.5647
1137.63 93.516
1153.45 93.468
1169.5 93.4207
1185.77 93.374
1202.26 93.3279
1218.99 93.2825
1235.95 93.2376
1253.14 93.1934
1270.57 93.1498
1288.25 93.1068
1306.17 93.0643
1324.34 93.0224
1342.76 92.9811
1361.44 92.9404
1380.38 92.9002
1399.59 92.8605
1419.06 92.8214
1438.8 92.7828
1458.81 92.7448
1479.11 92.7072
1499.68 92.6702
1520.55 92.6337
1541.7 92.5977
1563.15 92.5621
1584.89 92.5271
1606.94 92.4925
1629.3 92.4584
1651.96 92.4247
1674.94 92.3916
1698.24 92.3588
1721.87 92.3265
1745.82 92.2947
1770.11 92.2633
1794.73 92.2323
1819.7 92.2017
1845.02 92.1716
1870.68 92.1418
1896.71 92.1125
1923.09 92.0836
1949.84 92.055
1976.97 92.0269
2004.47 91.9991
2032.36 91.9718
2060.63 91.9448
2089.3 91.9181
2118.36 91.8918
2147.83 91.8659
2177.71 91.8404
2208 91.8151
2238.72 91.7903
2269.86 91.7657
2301.44 91.7415
2333.46 91.7177
2365.92 91.6941
2398.83 91.6709
2432.2 91.648
2466.04 91.6254
2500.35 91.6032
2535.13 91.5812
2570.4 91.5595
2606.15 91.5381
2642.41 91.5171
2679.17 91.4963
2716.44 91.4758
2754.23 91.4555
2792.54 91.4356
2831.39 91.4159
2870.78 91.3965
2910.72 91.3773
2951.21 91.3585
2992.26 91.3398
3033.89 91.3215
3076.1 91.3033
3118.89 91.2855
3162.28 91.2679
3206.27 91.2505
3250.87 91.2333
3296.1 91.2164
3341.95 91.1997
3388.44 91.1833
3435.58 91.1671
3483.37 91.1511
3531.83 91.1353
3580.96 91.1197
3630.78 91.1043
3681.29 91.0892
3732.5 91.0743
3784.43 91.0595
3837.07 91.045
3890.45 91.0307
3944.57 91.0165
3999.45 91.0026
4055.09 90.9888
4111.5 90.9753
4168.69 90.9619
4226.69 90.9487
4285.49 90.9357
4345.1 90.9229
4405.55 90.9102
4466.84 90.8977
4528.98 90.8854
4591.98 90.8733
4655.86 90.8613
4720.63 90.8495
4786.3 90.8378
4852.89 90.8263
4920.4 90.815
4988.84 90.8038
5058.25 90.7928
5128.61 90.7819
5199.96 90.7712
5272.3 90.7606
5345.64 90.7502
5420.01 90.7399
5495.41 90.7297
5571.86 90.7197
5649.37 90.7099
5727.96 90.7001
5807.64 90.6905
5888.44 90.681
5970.35 90.6717
6053.41 90.6625
6137.62 90.6534
6223 90.6444
6309.57 90.6356
6397.35 90.6269
6486.34 90.6183
6576.58 90.6098
6668.07 90.6014
6760.83 90.5932
6854.88 90.585
6950.24 90.577
7046.93 90.5691
7144.96 90.5613
7244.36 90.5536
7345.14 90.546
7447.32 90.5385
7550.92 90.5311
7655.97 90.5238
7762.47 90.5166
7870.46 90.5096
7979.95 90.5026
8090.96 90.4957
8203.52 90.4889
8317.64 90.4822
8433.35 90.4756
8550.67 90.469
8669.62 90.4626
8790.23 90.4562
8912.51 90.45
9036.49 90.4438
9162.2 90.4377
9289.66 90.4317
9418.9 90.4258
9549.93 90.42
9682.78 90.4142
9817.48 90.4085
9954.05 90.4029
10092.5 90.3974
10232.9 90.3919
10375.3 90.3866
10519.6 90.3812
10666 90.376
10814.3 90.3709
10964.8 90.3658
11117.3 90.3608
11272 90.3558
11428.8 90.3509
11587.8 90.3461
11749 90.3414
11912.4 90.3367
12078.1 90.3321
12246.2 90.3275
12416.5 90.323
12589.3 90.3186
12764.4 90.3142
12942 90.3099
13122 90.3056
13304.5 90.3014
13489.6 90.2973
13677.3 90.2932
13867.6 90.2892
14060.5 90.2852
14256.1 90.2813
14454.4 90.2775
14655.5 90.2737
14859.4 90.2699
15066.1 90.2662
15275.7 90.2626
15488.2 90.2589
15703.6 90.2554
15922.1 90.2519
16143.6 90.2484
16368.2 90.245
16595.9 90.2417
16826.7 90.2384
17060.8 90.2351
17298.2 90.2319
17538.8 90.2287
17782.8 90.2255
18030.2 90.2224
18281 90.2194
18535.3 90.2164
18793.2 90.2134
19054.6 90.2105
19319.7 90.2076
19588.4 90.2047
19860.9 90.2019
20137.2 90.1992
20417.4 90.1964
20701.4 90.1937
20989.4 90.1911
21281.4 90.1885
21577.4 90.1859
21877.6 90.1833
22182 90.1808
22490.5 90.1783
22803.4 90.1759
23120.6 90.1735
23442.3 90.1711
23768.4 90.1687
24099.1 90.1664
24434.3 90.1641
24774.2 90.1619
25118.9 90.1597
25468.3 90.1575
25822.6 90.1553
26181.8 90.1532
26546.1 90.1511
26915.3 90.149
27289.8 90.147
27669.4 90.145
28054.3 90.143
28444.6 90.141
28840.3 90.1391
29241.5 90.1372
29648.3 90.1353
30060.8 90.1334
30478.9 90.1316
30903 90.1298
31332.9 90.128
31768.7 90.1262
32210.7 90.1245
32658.8 90.1228
33113.1 90.1211
33573.8 90.1195
34040.8 90.1178
34514.4 90.1162
34994.5 90.1146
35481.3 90.113
35974.9 90.1115
36475.4 90.11
36982.8 90.1084
37497.3 90.107
38018.9 90.1055
38547.8 90.104
39084.1 90.1026
39627.8 90.1012
40179.1 90.0998
40738 90.0985
41304.8 90.0971
41879.4 90.0958
42462 90.0945
43052.7 90.0932
43651.6 90.0919
44258.8 90.0906
44874.5 90.0894
45498.8 90.0881
46131.8 90.0869
46773.5 90.0857
47424.2 90.0846
48083.9 90.0834
48752.8 90.0823
49431.1 90.0811
50118.7 90.08
50815.9 90.0789
51522.9 90.0778
52239.6 90.0768
52966.3 90.0757
53703.2 90.0747
54450.3 90.0737
55207.7 90.0726
55975.8 90.0717
56754.5 90.0707
57544 90.0697
58344.5 90.0687
59156.2 90.0678
59979.1 90.0669
60813.5 90.066
61659.5 90.065
62517.3 90.0642
63387 90.0633
64268.8 90.0624
65162.8 90.0615
66069.3 90.0607
66988.5 90.0599
67920.4 90.0591
68865.2 90.0582
69823.2 90.0574
70794.6 90.0567
71779.4 90.0559
72778 90.0551
73790.4 90.0544
74817 90.0536
75857.8 90.0529
76913 90.0521
77983 90.0514
79067.9 90.0507
80167.8 90.05
81283.1 90.0493
82413.8 90.0487
83560.3 90.048
84722.7 90.0473
85901.4 90.0467
87096.4 90.046
88308 90.0454
89536.5 90.0448
90782.1 90.0442
92045 90.0436
93325.4 90.043
94623.7 90.0424
95940.1 90.0418
97274.7 90.0412
98627.9 90.0407
100000 90.0401
