0.1 1 -0.000499998
0.101391 1 -0.000506954
0.102802 1 -0.000514006
0.104232 1 -0.000521157
0.105682 1 -0.000528407
0.107152 1 -0.000535758
0.108643 1 -0.000543211
0.110154 1 -0.000550767
0.111686 1 -0.000558429
0.11324 1 -0.000566198
0.114815 1 -0.000574074
0.116413 1 -0.00058206
0.118032 1 -0.000590158
0.119674 1 -0.000598367
0.121339 1 -0.000606692
0.123027 1 -0.000615131
0.124738 1.00001 -0.000623689
0.126474 1.00001 -0.000632365
0.128233 1.00001 -0.000641162
0.130017 1.00001 -0.000650081
0.131826 1.00001 -0.000659125
0.13366 1.00001 -0.000668294
0.135519 1.00001 -0.000677591
0.137404 1.00001 -0.000687017
0.139316 1.00001 -0.000696574
0.141254 1.00001 -0.000706264
0.143219 1.00001 -0.000716089
0.145211 1.00001 -0.000726051
0.147231 1.00001 -0.000736151
0.149279 1.00001 -0.000746392
0.151356 1.00001 -0.000756775
0.153462 1.00001 -0.000767303
0.155597 1.00001 -0.000777977
0.157761 1.00001 -0.000788799
0.159956 1.00001 -0.000799772
0.162181 1.00001 -0.000810898
0.164437 1.00001 -0.000822179
0.166725 1.00001 -0.000833616
0.169044 1.00001 -0.000845213
0.171396 1.00001 -0.00085697
0.17378 1.00001 -0.000868892
0.176198 1.00001 -0.000880979
0.178649 1.00001 -0.000893235
0.181134 1.00001 -0.00090566
0.183654 1.00001 -0.000918259
0.186209 1.00001 -0.000931033
0.188799 1.00001 -0.000943985
0.191426 1.00001 -0.000957117
0.194089 1.00001 -0.000970431
0.196789 1.00001 -0.000983931
0.199526 1.00001 -0.000997618
0.202302 1.00001 -0.0010115
0.205116 1.00001 -0.00102557
0.20797 1.00001 -0.00103983
0.210863 1.00001 -0.0010543
0.213796 1.00001 -0.00106897
0.21677 1.00002 -0.00108384
0.219786 1.00002 -0.00109891
0.222844 1.00002 -0.0011142
0.225944 1.00002 -0.0011297
0.229087 1.00002 -0.00114541
0.232274 1.00002 -0.00116135
0.235505 1.00002 -0.0011775
0.238781 1.00002 -0.00119388
0.242103 1.00002 -0.00121049
0.245471 1.00002 -0.00122733
0.248886 1.00002 -0.0012444
0.252348 1.00002 -0.00126171
0.255859 1.00002 -0.00127927
0.259418 1.00002 -0.00129706
0.263027 1.00002 -0.0013151
0.266686 1.00002 -0.0013334
0.270396 1.00002 -0.00135195
0.274157 1.00002 -0.00137075
0.277971 1.00003 -0.00138982
0.281838 1.00003 -0.00140916
0.285759 1.00003 -0.00142876
0.289734 1.00003 -0.00144863
0.293765 1.00003 -0.00146878
0.297852 1.00003 -0.00148922
0.301995 1.00003 -0.00150993
0.306196 1.00003 -0.00153094
0.310456 1.00003 -0.00155223
0.314775 1.00003 -0.00157382
0.319154 1.00003 -0.00159572
0.323594 1.00003 -0.00161791
0.328095 1.00003 -0.00164042
0.33266 1.00004 -0.00166324
0.337287 1.00004 -0.00168637
0.341979 1.00004 -0.00170983
0.346737 1.00004 -0.00173362
0.35156 1.00004 -0.00175773
0.356451 1.00004 -0.00178218
0.36141 1.00004 -0.00180697
0.366438 1.00004 -0.00183211
0.371535 1.00004 -0.00185759
0.376704 1.00005 -0.00188343
0.381944 1.00005 -0.00190963
0.387258 1.00005 -0.00193619
0.392645 1.00005 -0.00196313
0.398107 1.00005 -0.00199043
0.403645 1.00005 -0.00201812
0.409261 1.00005 -0.00204619
0.414954 1.00006 -0.00207465
0.420727 1.00006 -0.00210351
0.42658 1.00006 -0.00213277
0.432514 1.00006 -0.00216244
0.438531 1.00006 -0.00219252
0.444631 1.00006 -0.00222301
0.450817 1.00007 -0.00225393
0.457088 1.00007 -0.00228529
0.463447 1.00007 -0.00231707
0.469894 1.00007 -0.0023493
0.476431 1.00007 -0.00238198
0.483059 1.00008 -0.00241511
0.489779 1.00008 -0.0024487
0.496592 1.00008 -0.00248276
0.503501 1.00008 -0.0025173
0.510505 1.00008 -0.00255231
0.517607 1.00009 -0.00258781
0.524807 1.00009 -0.0026238
0.532108 1.00009 -0.0026603
0.539511 1.00009 -0.0026973
0.547016 1.0001 -0.00273481
0.554626 1.0001 -0.00277285
0.562341 1.0001 -0.00281142
0.570164 1.00011 -0.00285052
0.578096 1.00011 -0.00289017
0.586138 1.00011 -0.00293036
0.594292 1.00011 -0.00297112
0.60256 1.00012 -0.00301244
0.610942 1.00012 -0.00305434
0.619441 1.00012 -0.00309682
0.628058 1.00013 -0.00313989
0.636796 1.00013 -0.00318356
0.645654 1.00014 -0.00322783
0.654636 1.00014 -0.00327272
0.663743 1.00014 -0.00331824
0.672977 1.00015 -0.00336439
0.682339 1.00015 -0.00341118
0.691831 1.00016 -0.00345862
0.701455 1.00016 -0.00350672
0.711214 1.00016 -0.00355548
0.721107 1.00017 -0.00360493
0.731139 1.00017 -0.00365506
0.74131 1.00018 -0.00370589
0.751623 1.00018 -0.00375742
0.762079 1.00019 -0.00380968
0.772681 1.00019 -0.00386265
0.78343 1.0002 -0.00391637
0.794328 1.00021 -0.00397083
0.805378 1.00021 -0.00402604
0.816582 1.00022 -0.00408203
0.827942 1.00022 -0.00413879
0.83946 1.00023 -0.00419634
0.851138 1.00024 -0.00425469
0.862979 1.00024 -0.00431385
0.874984 1.00025 -0.00437383
0.887156 1.00026 -0.00443464
0.899498 1.00026 -0.0044963
0.912011 1.00027 -0.00455882
0.924698 1.00028 -0.00462221
0.937562 1.00029 -0.00468647
0.950605 1.00029 -0.00475163
0.963829 1.0003 -0.00481769
0.977237 1.00031 -0.00488467
0.990832 1.00032 -0.00495258
1.00462 1.00033 -0.00502143
1.01859 1.00034 -0.00509124
1.03276 1.00035 -0.00516202
1.04713 1.00036 -0.00523378
1.0617 1.00037 -0.00530653
1.07647 1.00038 -0.0053803
1.09144 1.00039 -0.00545509
1.10662 1.0004 -0.00553091
1.12202 1.00041 -0.00560779
1.13763 1.00042 -0.00568574
1.15345 1.00043 -0.00576477
1.1695 1.00044 -0.00584489
1.18577 1.00046 -0.00592613
1.20226 1.00047 -0.00600849
1.21899 1.00048 -0.006092
1.23595 1.0005 -0.00617666
1.25314 1.00051 -0.0062625
1.27057 1.00053 -0.00634953
1.28825 1.00054 -0.00643777
1.30617 1.00055 -0.00652723
1.32434 1.00057 -0.00661793
1.34276 1.00059 -0.00670988
1.36144 1.0006 -0.00680312
1.38038 1.00062 -0.00689764
1.39959 1.00064 -0.00699347
1.41906 1.00066 -0.00709064
1.4388 1.00067 -0.00718914
1.45881 1.00069 -0.00728902
1.47911 1.00071 -0.00739027
1.49968 1.00073 -0.00749293
1.52055 1.00075 -0.00759701
1.5417 1.00077 -0.00770253
1.56315 1.00079 -0.00780952
1.58489 1.00082 -0.00791798
1.60694 1.00084 -0.00802795
1.6293 1.00086 -0.00813944
1.65196 1.00089 -0.00825247
1.67494 1.00091 -0.00836706
1.69824 1.00094 -0.00848324
1.72187 1.00096 -0.00860103
1.74582 1.00099 -0.00872044
1.77011 1.00102 -0.00884151
1.79473 1.00105 -0.00896425
1.8197 1.00108 -0.00908868
1.84502 1.00111 -0.00921484
1.87068 1.00114 -0.00934274
1.89671 1.00117 -0.00947241
1.92309 1.0012 -0.00960386
1.94984 1.00124 -0.00973714
1.97697 1.00127 -0.00987225
2.00447 1.00131 -0.0100092
2.03236 1.00134 -0.0101481
2.06063 1.00138 -0.0102889
2.0893 1.00142 -0.0104316
2.11836 1.00146 -0.0105763
2.14783 1.0015 -0.010723
2.17771 1.00154 -0.0108717
2.208 1.00159 -0.0110225
2.23872 1.00163 -0.0111753
2.26986 1.00168 -0.0113302
2.30144 1.00173 -0.0114873
2.33346 1.00177 -0.0116465
2.36592 1.00182 -0.011808
2.39883 1.00188 -0.0119716
2.4322 1.00193 -0.0121375
2.46604 1.00198 -0.0123057
2.50035 1.00204 -0.0124762
2.53513 1.00209 -0.012649
2.5704 1.00215 -0.0128242
2.60615 1.00221 -0.0130018
2.64241 1.00228 -0.0131819
2.67917 1.00234 -0.0133644
2.71644 1.00241 -0.0135494
2.75423 1.00247 -0.013737
2.79254 1.00254 -0.0139271
2.83139 1.00261 -0.0141198
2.87078 1.00269 -0.0143152
2.91072 1.00276 -0.0145132
2.95121 1.00284 -0.0147139
2.99226 1.00292 -0.0149174
3.03389 1.003 -0.0151237
3.0761 1.00309 -0.0153328
3.11889 1.00318 -0.0155447
3.16228 1.00326 -0.0157595
3.20627 1.00336 -0.0159773
3.25087 1.00345 -0.016198
3.2961 1.00355 -0.0164217
3.34195 1.00365 -0.0166485
3.38844 1.00375 -0.0168783
3.43558 1.00386 -0.0171113
3.48337 1.00397 -0.0173474
3.53183 1.00408 -0.0175868
3.58096 1.00419 -0.0178293
3.63078 1.00431 -0.0180752
3.68129 1.00443 -0.0183244
3.7325 1.00456 -0.0185769
3.78443 1.00468 -0.0188329
3.83707 1.00482 -0.0190923
3.89045 1.00495 -0.0193553
3.94457 1.00509 -0.0196217
3.99945 1.00524 -0.0198918
4.05509 1.00538 -0.0201655
4.1115 1.00554 -0.0204428
4.16869 1.00569 -0.0207239
4.22669 1.00585 -0.0210087
4.28549 1.00602 -0.0212974
4.3451 1.00619 -0.0215899
4.40555 1.00636 -0.0218863
4.46684 1.00654 -0.0221867
4.52898 1.00673 -0.0224911
4.59198 1.00692 -0.0227995
4.65586 1.00711 -0.0231121
4.72063 1.00732 -0.0234287
4.7863 1.00752 -0.0237496
4.85289 1.00774 -0.0240747
4.9204 1.00796 -0.0244041
4.98884 1.00818 -0.0247379
5.05825 1.00841 -0.025076
5.12861 1.00865 -0.0254186
5.19996 1.0089 -0.0257657
5.2723 1.00915 -0.0261173
5.34564 1.00941 -0.0264735
5.42001 1.00968 -0.0268343
5.49541 1.00995 -0.0271999
5.57186 1.01023 -0.0275702
5.64937 1.01052 -0.0279453
5.72796 1.01082 -0.0283252
5.80764 1.01113 -0.02871
5.88844 1.01145 -0.0290998
5.97035 1.01177 -0.0294946
6.05341 1.01211 -0.0298944
6.13762 1.01245 -0.0302993
6.223 1.01281 -0.0307094
6.30957 1.01317 -0.0311247
6.39735 1.01355 -0.0315452
6.48634 1.01394 -0.031971
6.57658 1.01434 -0.0324022
6.66807 1.01475 -0.0328387
6.76083 1.01517 -0.0332807
6.85488 1.0156 -0.0337282
6.95024 1.01605 -0.0341812
7.04693 1.01651 -0.0346398
7.14496 1.01698 -0.0351039
7.24436 1.01747 -0.0355738
7.34514 1.01797 -0.0360494
7.44732 1.01849 -0.0365307
7.55092 1.01902 -0.0370178
7.65597 1.01956 -0.0375107
7.76247 1.02013 -0.0380094
7.87046 1.02071 -0.0385141
7.97995 1.0213 -0.0390246
8.09096 1.02192 -0.0395412
8.20352 1.02255 -0.0400637
8.31764 1.0232 -0.0405922
8.43335 1.02388 -0.0411267
8.55067 1.02457 -0.0416673
8.66962 1.02528 -0.0422139
8.79023 1.02601 -0.0427666
8.91251 1.02677 -0.0433254
9.03649 1.02755 -0.0438903
9.1622 1.02835 -0.0444613
9.28966 1.02917 -0.0450384
9.4189 1.03002 -0.0456216
9.54993 1.0309 -0.0462108
9.68278 1.0318 -0.0468061
9.81748 1.03274 -0.0474075
9.95405 1.03369 -0.0480148
10.0925 1.03468 -0.0486281
10.2329 1.0357 -0.0492474
10.3753 1.03675 -0.0498725
10.5196 1.03783 -0.0505034
10.666 1.03895 -0.05114
10.8143 1.0401 -0.0517824
10.9648 1.04129 -0.0524303
11.1173 1.04251 -0.0530837
11.272 1.04377 -0.0537424
11.4288 1.04507 -0.0544064
11.5878 1.04642 -0.0550756
11.749 1.0478 -0.0557497
11.9124 1.04923 -0.0564286
12.0781 1.0507 -0.0571121
12.2462 1.05222 -0.0578
12.4165 1.05379 -0.0584922
12.5893 1.05541 -0.0591883
12.7644 1.05708 -0.0598881
12.942 1.05881 -0.0605913
13.122 1.06059 -0.0612976
13.3045 1.06243 -0.0620067
13.4896 1.06433 -0.0627183
13.6773 1.06629 -0.0634318
13.8676 1.06831 -0.0641469
14.0605 1.07041 -0.0648632
14.2561 1.07257 -0.0655801
14.4544 1.07481 -0.066297
14.6555 1.07712 -0.0670134
14.8594 1.0795 -0.0677287
15.0661 1.08197 -0.0684421
15.2757 1.08452 -0.069153
15.4882 1.08717 -0.0698604
15.7036 1.0899 -0.0705635
15.9221 1.09272 -0.0712614
16.1436 1.09565 -0.0719531
16.3682 1.09867 -0.0726374
16.5959 1.1018 -0.0733131
16.8267 1.10505 -0.073979
17.0608 1.10841 -0.0746336
17.2982 1.11188 -0.0752754
17.5388 1.11549 -0.0759027
17.7828 1.11922 -0.0765139
18.0302 1.12309 -0.0771068
18.281 1.12711 -0.0776795
18.5353 1.13127 -0.0782296
18.7932 1.13559 -0.0787548
19.0546 1.14007 -0.0792521
19.3197 1.14472 -0.0797189
19.5884 1.14954 -0.0801518
19.8609 1.15455 -0.0805475
20.1372 1.15976 -0.0809021
20.4174 1.16517 -0.0812116
20.7014 1.17079 -0.0814714
20.9894 1.17663 -0.0816768
21.2814 1.18271 -0.0818222
21.5774 1.18904 -0.081902
21.8776 1.19562 -0.0819097
22.182 1.20247 -0.0818383
22.4905 1.20961 -0.0816801
22.8034 1.21704 -0.0814267
23.1206 1.22479 -0.0810689
23.4423 1.23287 -0.0805964
23.7684 1.2413 -0.0799979
24.0991 1.2501 -0.0792612
24.4343 1.25928 -0.0783725
24.7742 1.26888 -0.0773167
25.1189 1.2789 -0.0760771
25.4683 1.28938 -0.074635
25.8226 1.30034 -0.0729698
26.1818 1.3118 -0.0710586
26.5461 1.32381 -0.0688759
26.9153 1.33638 -0.0663932
27.2898 1.34956 -0.0635786
27.6694 1.36337 -0.0603965
28.0543 1.37786 -0.0568069
28.4446 1.39306 -0.0527651
28.8403 1.40902 -0.0482206
29.2415 1.42579 -0.0431165
29.6483 1.4434 -0.0373888
30.0608 1.46193 -0.0309649
30.4789 1.4814 -0.0237625
30.903 1.5019 -0.0156885
31.3329 1.52346 -0.0066367
31.7687 1.54616 0.00351364
32.2107 1.57005 0.0149003
32.6588 1.5952 0.0276809
33.1131 1.62167 0.0420357
33.5738 1.64953 0.0581712
34.0408 1.67882 0.0763244
34.5144 1.7096 0.0967675
34.9945 1.74189 0.119813
35.4813 1.77573 0.14582
35.9749 1.8111 0.175201
36.4754 1.84796 0.208427
36.9828 1.88621 0.246039
37.4973 1.92569 0.288648
38.0189 1.96615 0.33695
38.5478 2.00722 0.391718
39.0841 2.04837 0.45381
39.6278 2.08886 0.524152
40.1791 2.12768 0.603719
40.738 2.16352 0.693489
41.3048 2.19465 0.794374
41.8794 2.21888 0.90711
42.462 2.23351 1.0321
43.0527 2.23529 1.1692
43.6516 2.22054 1.31746
44.2588 2.18529 1.47482
44.8745 2.12562 1.63781
45.4988 2.03824 1.80145
46.1318 1.92112 1.95924
46.7735 1.7742 2.10359
47.4242 1.60002 2.2266
48.0839 1.40378 2.32112
48.7528 1.19306 2.38195
49.4311 0.976799 2.4066
50.1187 0.764112 2.39572
50.8159 0.563032 2.3527
51.5229 0.379661 2.2829
52.2396 0.217799 2.19269
52.9663 0.0790517 2.08846
53.7032 -0.0367596 1.97602
54.4503 -0.131068 1.86018
55.2077 -0.206047 1.74464
55.9758 -0.264198 1.6321
56.7545 -0.308058 1.52435
57.544 -0.340014 1.42246
58.3445 -0.36221 1.32701
59.1562 -0.376507 1.23816
59.9791 -0.384484 1.15584
60.8135 -0.387456 1.0798
61.6595 -0.386506 1.0097
62.5173 -0.382518 0.945141
63.387 -0.376206 0.885705
64.2688 -0.368145 0.830978
65.1628 -0.358797 0.78056
66.0693 -0.348528 0.734072
66.9885 -0.33763 0.691164
67.9204 -0.326335 0.651511
68.8652 -0.314824 0.614819
69.8232 -0.303241 0.58082
70.7946 -0.291696 0.549271
71.7794 -0.280275 0.519952
72.778 -0.269043 0.492666
73.7904 -0.258051 0.467236
74.817 -0.247333 0.443501
75.8578 -0.236918 0.421316
76.913 -0.226822 0.400553
77.983 -0.217057 0.381093
79.0679 -0.207629 0.362831
80.1678 -0.19854 0.345672
81.2831 -0.18979 0.32953
82.4138 -0.181376 0.314326
83.5603 -0.173291 0.299989
84.7227 -0.16553 0.286456
85.9014 -0.158084 0.273668
87.0964 -0.150945 0.261572
88.308 -0.144103 0.250119
89.5365 -0.13755 0.239266
90.7821 -0.131275 0.228971
92.045 -0.125269 0.219199
93.3254 -0.119522 0.209915
94.6237 -0.114025 0.201088
95.9401 -0.108767 0.192689
97.2747 -0.103739 0.184693
98.6279 -0.0989333 0.177074
100 -0.0943396 0.169811
101.391 -0.0899497 0.162883
102.802 -0.085755 0.156271
104.232 -0.0817476 0.149957
105.682 -0.0779196 0.143924
107.152 -0.0742634 0.138157
108.643 -0.0707718 0.132643
110.154 -0.0674377 0.127367
111.686 -0.0642544 0.122317
113.24 -0.0612154 0.117483
114.815 -0.0583145 0.112852
116.413 -0.0555458 0.108416
118.032 -0.0529034 0.104163
119.674 -0.0503819 0.100087
121.339 -0.0479759 0.0961778
123.027 -0.0456805 0.092428
124.738 -0.0434908 0.0888303
126.474 -0.0414022 0.0853778
128.233 -0.0394101 0.0820637
130.017 -0.0375103 0.0788821
131.826 -0.0356988 0.075827
133.66 -0.0339715 0.0728928
135.519 -0.0323248 0.0700745
137.404 -0.0307551 0.0673669
139.316 -0.0292588 0.0647654
141.254 -0.0278329 0.0622655
143.219 -0.0264739 0.0598631
145.211 -0.0251791 0.0575539
147.231 -0.0239454 0.0553343
149.279 -0.0227701 0.0532005
151.356 -0.0216505 0.0511491
153.462 -0.0205842 0.0491768
155.597 -0.0195686 0.0472804
157.761 -0.0186016 0.0454568
159.956 -0.0176808 0.0437033
162.181 -0.0168041 0.0420169
164.437 -0.0159696 0.0403952
166.725 -0.0151752 0.0388355
169.044 -0.0144192 0.0373355
171.396 -0.0136997 0.0358928
173.78 -0.013015 0.0345052
176.198 -0.0123635 0.0331707
178.649 -0.0117438 0.0318871
181.134 -0.0111542 0.0306525
183.654 -0.0105934 0.0294651
186.209 -0.01006 0.028323
188.799 -0.00955281 0.0272245
191.426 -0.00907048 0.026168
194.089 -0.00861187 0.0251519
196.789 -0.00817586 0.0241746
199.526 -0.00776137 0.0232346
202.302 -0.00736738 0.0223306
205.116 -0.00699291 0.0214612
207.97 -0.00663702 0.0206251
210.863 -0.00629883 0.0198211
213.796 -0.00597747 0.0190478
216.77 -0.00567215 0.0183042
219.786 -0.00538207 0.0175892
222.844 -0.00510652 0.0169016
225.944 -0.00484477 0.0162404
229.087 -0.00459617 0.0156047
232.274 -0.00436006 0.0149934
235.505 -0.00413585 0.0144057
238.781 -0.00392294 0.0138406
242.103 -0.00372078 0.0132974
245.471 -0.00352885 0.0127751
248.886 -0.00334663 0.012273
252.348 -0.00317366 0.0117903
255.859 -0.00300947 0.0113263
259.418 -0.00285364 0.0108803
263.027 -0.00270573 0.0104515
266.686 -0.00256537 0.0100394
270.396 -0.00243218 0.00964335
274.157 -0.00230579 0.00926265
277.971 -0.00218587 0.00889676
281.838 -0.00207209 0.00854512
285.759 -0.00196415 0.00820717
289.734 -0.00186175 0.0078824
293.765 -0.00176462 0.00757031
297.852 -0.00167249 0.0072704
301.995 -0.0015851 0.00698222
306.196 -0.00150222 0.00670531
310.456 -0.00142362 0.00643924
314.775 -0.00134908 0.00618359
319.154 -0.00127839 0.00593796
323.594 -0.00121137 0.00570198
328.095 -0.00114782 0.00547526
332.66 -0.00108756 0.00525744
337.287 -0.00103044 0.0050482
341.979 -0.000976282 0.00484718
346.737 -0.000924942 0.00465409
351.56 -0.000876274 0.0044686
356.451 -0.000830141 0.00429042
361.41 -0.000786414 0.00411927
366.438 -0.000744968 0.00395489
371.535 -0.000705687 0.00379699
376.704 -0.000668458 0.00364534
381.944 -0.000633176 0.00349969
387.258 -0.00059974 0.0033598
392.645 -0.000568055 0.00322545
398.107 -0.000538031 0.00309643
403.645 -0.000509581 0.00297252
409.261 -0.000482623 0.00285353
414.954 -0.000457081 0.00273926
420.727 -0.000432881 0.00262953
426.58 -0.000409953 0.00252415
432.514 -0.000388231 0.00242297
438.531 -0.000367652 0.00232582
444.631 -0.000348157 0.00223253
450.817 -0.000329689 0.00214295
457.088 -0.000312194 0.00205695
463.447 -0.000295622 0.00197437
469.894 -0.000279924 0.00189508
476.431 -0.000265055 0.00181896
483.059 -0.000250972 0.00174587
489.779 -0.000237632 0.0016757
496.592 -0.000224998 0.00160834
503.501 -0.000213032 0.00154367
510.505 -0.000201699 0.00148158
517.607 -0.000190966 0.00142197
524.807 -0.000180802 0.00136475
532.108 -0.000171176 0.00130982
539.511 -0.00016206 0.00125709
547.016 -0.000153427 0.00120647
554.626 -0.000145252 0.00115788
562.341 -0.000137511 0.00111123
570.164 -0.000130181 0.00106646
578.096 -0.00012324 0.00102348
586.138 -0.000116667 0.000982226
594.292 -0.000110444 0.000942627
602.56 -0.000104551 0.000904618
610.942 -9.89721e-05 0.000868134
619.441 -9.36895e-05 0.000833116
628.058 -8.86879e-05 0.000799505
636.796 -8.39524e-05 0.000767244
645.654 -7.94689e-05 0.00073628
654.636 -7.52241e-05 0.000706561
663.743 -7.12054e-05 0.000678037
672.977 -6.74007e-05 0.000650661
682.339 -6.37987e-05 0.000624386
691.831 -6.03886e-05 0.000599168
701.455 -5.71603e-05 0.000574966
711.214 -5.41042e-05 0.000551738
721.107 -5.1211e-05 0.000529446
731.139 -4.84721e-05 0.000508052
741.31 -4.58793e-05 0.000487519
751.623 -4.34249e-05 0.000467814
762.079 -4.11015e-05 0.000448903
772.681 -3.89021e-05 0.000430755
783.43 -3.68201e-05 0.000413338
794.328 -3.48494e-05 0.000396624
805.378 -3.29838e-05 0.000380584
816.582 -3.1218e-05 0.000365191
827.942 -2.95465e-05 0.000350419
839.46 -2.79643e-05 0.000336243
851.138 -2.64666e-05 0.000322639
862.979 -2.50491e-05 0.000309585
874.984 -2.37073e-05 0.000297057
887.156 -2.24373e-05 0.000285036
899.498 -2.12352e-05 0.0002735
912.011 -2.00974e-05 0.00026243
924.698 -1.90204e-05 0.000251807
937.562 -1.80011e-05 0.000241613
950.605 -1.70363e-05 0.000231831
963.829 -1.61232e-05 0.000222445
977.237 -1.52589e-05 0.000213438
990.832 -1.44409e-05 0.000204795
1004.62 -1.36667e-05 0.000196501
1018.59 -1.29339e-05 0.000188543
1032.76 -1.22404e-05 0.000180906
1047.13 -1.1584e-05 0.000173579
1061.7 -1.09627e-05 0.000166547
1076.47 -1.03748e-05 0.000159801
1091.44 -9.81833e-06 0.000153327
1106.62 -9.29168e-06 0.000147115
1122.02 -8.79325e-06 0.000141154
1137.63 -8.32153e-06 0.000135434
1153.45 -7.87509e-06 0.000129946
1169.5 -7.45257e-06 0.000124681
1185.77 -7.05271e-06 0.000119628
1202.26 -6.67427e-06 0.00011478
1218.99 -6.31612e-06 0.000110128
1235.95 -5.97718e-06 0.000105664
1253.14 -5.65641e-06 0.000101381
1270.57 -5.35283e-06 9.72716e-05
1288.25 -5.06554e-06 9.33285e-05
1306.17 -4.79365e-06 8.95451e-05
1324.34 -4.53635e-06 8.59149e-05
1342.76 -4.29284e-06 8.24318e-05
1361.44 -4.0624e-06 7.90897e-05
1380.38 -3.84432e-06 7.5883e-05
1399.59 -3.63793e-06 7.28063e-05
1419.06 -3.44262e-06 6.98541e-05
1438.8 -3.25779e-06 6.70216e-05
1458.81 -3.08287e-06 6.43039e-05
1479.11 -2.91734e-06 6.16962e-05
1499.68 -2.7607e-06 5.91943e-05
1520.55 -2.61246e-06 5.67937e-05
1541.7 -2.47217e-06 5.44904e-05
1563.15 -2.33941e-06 5.22804e-05
1584.89 -2.21378e-06 5.016e-05
1606.94 -2.09489e-06 4.81256e-05
1629.3 -1.98238e-06 4.61736e-05
1651.96 -1.87592e-06 4.43008e-05
1674.94 -1.77516e-06 4.25038e-05
1698.24 -1.67982e-06 4.07797e-05
1721.87 -1.58959e-06 3.91255e-05
1745.82 -1.50421e-06 3.75384e-05
1770.11 -1.42341e-06 3.60156e-05
1794.73 -1.34695e-06 3.45546e-05
1819.7 -1.2746e-06 3.31528e-05
1845.02 -1.20613e-06 3.18078e-05
1870.68 -1.14134e-06 3.05174e-05
1896.71 -1.08003e-06 2.92793e-05
1923.09 -1.022e-06 2.80914e-05
1949.84 -9.671e-07 2.69517e-05
1976.97 -9.15143e-07 2.58582e-05
2004.47 -8.65977e-07 2.4809e-05
2032.36 -8.19452e-07 2.38024e-05
2060.63 -7.75425e-07 2.28366e-05
2089.3 -7.33763e-07 2.191e-05
2118.36 -6.94339e-07 2.1021e-05
2147.83 -6.57032e-07 2.0168e-05
2177.71 -6.21729e-07 1.93497e-05
2208 -5.88323e-07 1.85645e-05
2238.72 -5.56711e-07 1.78112e-05
2269.86 -5.26797e-07 1.70884e-05
2301.44 -4.9849e-07 1.6395e-05
2333.46 -4.71704e-07 1.57297e-05
2365.92 -4.46356e-07 1.50913e-05
2398.83 -4.22371e-07 1.44789e-05
2432.2 -3.99674e-07 1.38913e-05
2466.04 -3.78196e-07 1.33276e-05
2500.35 -3.57873e-07 1.27867e-05
2535.13 -3.38641e-07 1.22678e-05
2570.4 -3.20442e-07 1.17699e-05
2606.15 -3.03222e-07 1.12923e-05
2642.41 -2.86926e-07 1.0834e-05
2679.17 -2.71506e-07 1.03943e-05
2716.44 -2.56915e-07 9.97242e-06
2754.23 -2.43108e-07 9.56769e-06
2792.54 -2.30042e-07 9.17937e-06
2831.39 -2.17679e-07 8.80682e-06
2870.78 -2.0598e-07 8.44938e-06
2910.72 -1.9491e-07 8.10644e-06
2951.21 -1.84434e-07 7.77742e-06
2992.26 -1.74521e-07 7.46176e-06
3033.89 -1.65142e-07 7.1589e-06
3076.1 -1.56266e-07 6.86833e-06
3118.89 -1.47867e-07 6.58955e-06
3162.28 -1.39919e-07 6.32209e-06
3206.27 -1.32399e-07 6.06548e-06
3250.87 -1.25283e-07 5.81929e-06
3296.1 -1.18549e-07 5.58308e-06
3341.95 -1.12177e-07 5.35647e-06
3388.44 -1.06148e-07 5.13905e-06
3435.58 -1.00442e-07 4.93045e-06
3483.37 -9.50434e-08 4.73032e-06
3531.83 -8.99348e-08 4.53831e-06
3580.96 -8.51007e-08 4.3541e-06
3630.78 -8.05264e-08 4.17736e-06
3681.29 -7.6198e-08 4.00779e-06
3732.5 -7.21022e-08 3.84511e-06
3784.43 -6.82266e-08 3.68903e-06
3837.07 -6.45592e-08 3.53928e-06
3890.45 -6.1089e-08 3.39561e-06
3944.57 -5.78053e-08 3.25778e-06
3999.45 -5.4698e-08 3.12553e-06
4055.09 -5.17578e-08 2.99866e-06
4111.5 -4.89756e-08 2.87693e-06
4168.69 -4.6343e-08 2.76015e-06
4226.69 -4.38519e-08 2.64811e-06
4285.49 -4.14946e-08 2.54061e-06
4345.1 -3.92641e-08 2.43748e-06
4405.55 -3.71535e-08 2.33853e-06
4466.84 -3.51563e-08 2.2436e-06
4528.98 -3.32664e-08 2.15252e-06
4591.98 -3.14782e-08 2.06514e-06
4655.86 -2.9786e-08 1.98131e-06
4720.63 -2.81849e-08 1.90088e-06
4786.3 -2.66697e-08 1.82371e-06
4852.89 -2.52361e-08 1.74968e-06
4920.4 -2.38795e-08 1.67865e-06
4988.84 -2.25958e-08 1.6105e-06
5058.25 -2.13811e-08 1.54513e-06
5128.61 -2.02317e-08 1.4824e-06
5199.96 -1.91441e-08 1.42222e-06
5272.3 -1.8115e-08 1.36449e-06
5345.64 -1.71412e-08 1.30909e-06
5420.01 -1.62197e-08 1.25595e-06
5495.41 -1.53478e-08 1.20496e-06
5571.86 -1.45227e-08 1.15605e-06
5649.37 -1.3742e-08 1.10912e-06
5727.96 -1.30032e-08 1.06409e-06
5807.64 -1.23042e-08 1.02089e-06
5888.44 -1.16428e-08 9.79447e-07
5970.35 -1.10169e-08 9.39685e-07
6053.41 -1.04246e-08 9.01537e-07
6137.62 -9.8642e-09 8.64938e-07
6223 -9.33391e-09 8.29825e-07
6309.57 -8.83213e-09 7.96136e-07
6397.35 -8.35732e-09 7.63816e-07
6486.34 -7.90804e-09 7.32807e-07
6576.58 -7.48291e-09 7.03057e-07
6668.07 -7.08063e-09 6.74515e-07
6760.83 -6.69998e-09 6.47132e-07
6854.88 -6.33979e-09 6.2086e-07
6950.24 -5.99896e-09 5.95655e-07
7046.93 -5.67646e-09 5.71473e-07
7144.96 -5.3713e-09 5.48273e-07
7244.36 -5.08254e-09 5.26015e-07
7345.14 -4.8093e-09 5.0466e-07
7447.32 -4.55075e-09 4.84172e-07
7550.92 -4.3061e-09 4.64516e-07
7655.97 -4.0746e-09 4.45657e-07
7762.47 -3.85555e-09 4.27565e-07
7870.46 -3.64828e-09 4.10207e-07
7979.95 -3.45214e-09 3.93553e-07
8090.96 -3.26655e-09 3.77576e-07
8203.52 -3.09094e-09 3.62247e-07
8317.64 -2.92477e-09 3.47541e-07
8433.35 -2.76753e-09 3.33431e-07
8550.67 -2.61875e-09 3.19895e-07
8669.62 -2.47796e-09 3.06907e-07
8790.23 -2.34475e-09 2.94448e-07
8912.51 -2.21869e-09 2.82494e-07
9036.49 -2.09941e-09 2.71025e-07
9162.2 -1.98654e-09 2.60022e-07
9289.66 -1.87975e-09 2.49465e-07
9418.9 -1.77869e-09 2.39338e-07
9549.93 -1.68306e-09 2.29621e-07
9682.78 -1.59258e-09 2.20299e-07
9817.48 -1.50696e-09 2.11355e-07
9954.05 -1.42595e-09 2.02774e-07
10092.5 -1.34928e-09 1.94542e-07
10232.9 -1.27674e-09 1.86644e-07
10375.3 -1.20811e-09 1.79066e-07
10519.6 -1.14316e-09 1.71797e-07
10666 -1.0817e-09 1.64822e-07
10814.3 -1.02354e-09 1.5813e-07
10964.8 -9.68517e-10 1.51711e-07
11117.3 -9.16448e-10 1.45551e-07
11272 -8.67178e-10 1.39642e-07
11428.8 -8.20557e-10 1.33973e-07
11587.8 -7.76443e-10 1.28534e-07
11749 -7.347e-10 1.23316e-07
11912.4 -6.95201e-10 1.18309e-07
12078.1 -6.57826e-10 1.13506e-07
12246.2 -6.2246e-10 1.08898e-07
12416.5 -5.88995e-10 1.04477e-07
12589.3 -5.5733e-10 1.00235e-07
12764.4 -5.27367e-10 9.61656e-08
12942 -4.99014e-10 9.22614e-08
13122 -4.72186e-10 8.85157e-08
13304.5 -4.46801e-10 8.4922e-08
13489.6 -4.2278e-10 8.14743e-08
13677.3 -4.0005e-10 7.81665e-08
13867.6 -3.78543e-10 7.49931e-08
14060.5 -3.58192e-10 7.19484e-08
14256.1 -3.38934e-10 6.90274e-08
14454.4 -3.20713e-10 6.6225e-08
14655.5 -3.0347e-10 6.35363e-08
14859.4 -2.87155e-10 6.09568e-08
15066.1 -2.71717e-10 5.8482e-08
15275.7 -2.57109e-10 5.61077e-08
15488.2 -2.43286e-10 5.38298e-08
15703.6 -2.30207e-10 5.16444e-08
15922.1 -2.1783e-10 4.95477e-08
16143.6 -2.06119e-10 4.75361e-08
16368.2 -1.95038e-10 4.56062e-08
16595.9 -1.84552e-10 4.37546e-08
16826.7 -1.7463e-10 4.19782e-08
17060.8 -1.65242e-10 4.02739e-08
17298.2 -1.56358e-10 3.86389e-08
17538.8 -1.47952e-10 3.70702e-08
17782.8 -1.39997e-10 3.55651e-08
18030.2 -1.32471e-10 3.41212e-08
18281 -1.25349e-10 3.27359e-08
18535.3 -1.1861e-10 3.14069e-08
18793.2 -1.12233e-10 3.01318e-08
19054.6 -1.06199e-10 2.89085e-08
19319.7 -1.0049e-10 2.77348e-08
19588.4 -9.50871e-11 2.66088e-08
19860.9 -8.9975e-11 2.55285e-08
20137.2 -8.51377e-11 2.44921e-08
20417.4 -8.05605e-11 2.34977e-08
20701.4 -7.62293e-11 2.25437e-08
20989.4 -7.21311e-11 2.16285e-08
21281.4 -6.82531e-11 2.07504e-08
21577.4 -6.45837e-11 1.99079e-08
21877.6 -6.11115e-11 1.90997e-08
22182 -5.7826e-11 1.83243e-08
22490.5 -5.47171e-11 1.75803e-08
22803.4 -5.17754e-11 1.68666e-08
23120.6 -4.89918e-11 1.61818e-08
23442.3 -4.63579e-11 1.55248e-08
23768.4 -4.38656e-11 1.48945e-08
24099.1 -4.15072e-11 1.42898e-08
24434.3 -3.92757e-11 1.37097e-08
24774.2 -3.71641e-11 1.31531e-08
25118.9 -3.51661e-11 1.26191e-08
25468.3 -3.32755e-11 1.21067e-08
25822.6 -3.14865e-11 1.16152e-08
26181.8 -2.97937e-11 1.11437e-08
26546.1 -2.81919e-11 1.06912e-08
26915.3 -2.66762e-11 1.02572e-08
27289.8 -2.52421e-11 9.84074e-09
27669.4 -2.3885e-11 9.44121e-09
28054.3 -2.26009e-11 9.05791e-09
28444.6 -2.13858e-11 8.69016e-09
28840.3 -2.0236e-11 8.33735e-09
29241.5 -1.91481e-11 7.99886e-09
29648.3 -1.81186e-11 7.67411e-09
30060.8 -1.71445e-11 7.36255e-09
30478.9 -1.62228e-11 7.06363e-09
30903 -1.53506e-11 6.77686e-09
31332.9 -1.45253e-11 6.50172e-09
31768.7 -1.37444e-11 6.23776e-09
32210.7 -1.30055e-11 5.98451e-09
32658.8 -1.23062e-11 5.74154e-09
33113.1 -1.16446e-11 5.50844e-09
33573.8 -1.10186e-11 5.2848e-09
34040.8 -1.04262e-11 5.07024e-09
34514.4 -9.86566e-12 4.86439e-09
34994.5 -9.33525e-12 4.6669e-09
35481.3 -8.83336e-12 4.47743e-09
35974.9 -8.35846e-12 4.29565e-09
36475.4 -7.90908e-12 4.12125e-09
36982.8 -7.48387e-12 3.95393e-09
37497.3 -7.08152e-12 3.7934e-09
38018.9 -6.70079e-12 3.63939e-09
38547.8 -6.34054e-12 3.49164e-09
39084.1 -5.99966e-12 3.34988e-09
39627.8 -5.6771e-12 3.21387e-09
40179.1 -5.37188e-12 3.08339e-09
40738 -5.08308e-12 2.95821e-09
41304.8 -4.8098e-12 2.83811e-09
41879.4 -4.55121e-12 2.72288e-09
42462 -4.30652e-12 2.61234e-09
43052.7 -4.07499e-12 2.50628e-09
43651.6 -3.85591e-12 2.40452e-09
44258.8 -3.6486e-12 2.3069e-09
44874.5 -3.45245e-12 2.21324e-09
45498.8 -3.26683e-12 2.12339e-09
46131.8 -3.0912e-12 2.03718e-09
46773.5 -2.92501e-12 1.95447e-09
47424.2 -2.76775e-12 1.87512e-09
48083.9 -2.61895e-12 1.79899e-09
48752.8 -2.47815e-12 1.72595e-09
49431.1 -2.34491e-12 1.65588e-09
50118.7 -2.21885e-12 1.58865e-09
50815.9 -2.09955e-12 1.52416e-09
51522.9 -1.98668e-12 1.46228e-09
52239.6 -1.87987e-12 1.40291e-09
52966.3 -1.7788e-12 1.34595e-09
53703.2 -1.68317e-12 1.29131e-09
54450.3 -1.59268e-12 1.23888e-09
55207.7 -1.50705e-12 1.18858e-09
55975.8 -1.42603e-12 1.14033e-09
56754.5 -1.34936e-12 1.09403e-09
57544 -1.27681e-12 1.04961e-09
58344.5 -1.20817e-12 1.007e-09
59156.2 -1.14321e-12 9.66117e-10
59979.1 -1.08175e-12 9.26893e-10
60813.5 -1.02359e-12 8.89262e-10
61659.5 -9.68562e-13 8.53158e-10
62517.3 -9.16489e-13 8.18521e-10
63387 -8.67216e-13 7.85289e-10
64268.8 -8.20592e-13 7.53407e-10
65162.8 -7.76475e-13 7.22819e-10
66069.3 -7.34729e-13 6.93473e-10
66988.5 -6.95228e-13 6.65319e-10
67920.4 -6.57851e-13 6.38307e-10
68865.2 -6.22483e-13 6.12392e-10
69823.2 -5.89017e-13 5.87529e-10
70794.6 -5.57349e-13 5.63676e-10
71779.4 -5.27385e-13 5.40791e-10
72778 -4.99031e-13 5.18835e-10
73790.4 -4.72202e-13 4.97771e-10
74817 -4.46815e-13 4.77562e-10
75857.8 -4.22793e-13 4.58173e-10
76913 -4.00062e-13 4.39572e-10
77983 -3.78554e-13 4.21725e-10
79067.9 -3.58202e-13 4.04604e-10
80167.8 -3.38944e-13 3.88177e-10
81283.1 -3.20721e-13 3.72417e-10
82413.8 -3.03478e-13 3.57297e-10
83560.3 -2.87162e-13 3.42791e-10
84722.7 -2.71724e-13 3.28874e-10
85901.4 -2.57115e-13 3.15522e-10
87096.4 -2.43292e-13 3.02712e-10
88308 -2.30212e-13 2.90422e-10
89536.5 -2.17835e-13 2.78631e-10
90782.1 -2.06124e-13 2.67319e-10
92045 -1.95042e-13 2.56466e-10
93325.4 -1.84556e-13 2.46054e-10
94623.7 -1.74634e-13 2.36064e-10
95940.1 -1.65245e-13 2.2648e-10
97274.7 -1.56361e-13 2.17285e-10
98627.9 -1.47954e-13 2.08463e-10
100000 -1.4e-13 2e-10
