0.1 66.0205 -90.4011
0.100925 65.9405 -90.4048
0.101859 65.8605 -90.4085
0.102802 65.7805 -90.4123
0.103753 65.7005 -90.4161
0.104713 65.6205 -90.42
0.105682 65.5405 -90.4239
0.10666 65.4605 -90.4278
0.107647 65.3805 -90.4317
0.108643 65.3005 -90.4357
0.109648 65.2204 -90.4398
0.110662 65.1404 -90.4438
0.111686 65.0604 -90.4479
0.11272 64.9804 -90.4521
0.113763 64.9004 -90.4563
0.114815 64.8204 -90.4605
0.115878 64.7404 -90.4647
0.11695 64.6604 -90.469
0.118032 64.5804 -90.4734
0.119124 64.5004 -90.4778
0.120226 64.4204 -90.4822
0.121339 64.3404 -90.4866
0.122462 64.2604 -90.4912
0.123595 64.1804 -90.4957
0.124738 64.1004 -90.5003
0.125893 64.0204 -90.5049
0.127057 63.9404 -90.5096
0.128233 63.8604 -90.5143
0.12942 63.7804 -90.5191
0.130617 63.7004 -90.5239
0.131826 63.6204 -90.5287
0.133045 63.5404 -90.5336
0.134276 63.4604 -90.5385
0.135519 63.3804 -90.5435
0.136773 63.3004 -90.5485
0.138038 63.2204 -90.5536
0.139316 63.1404 -90.5587
0.140605 63.0604 -90.5639
0.141906 62.9803 -90.5691
0.143219 62.9003 -90.5744
0.144544 62.8203 -90.5797
0.145881 62.7403 -90.5851
0.147231 62.6603 -90.5905
0.148594 62.5803 -90.596
0.149968 62.5003 -90.6015
0.151356 62.4203 -90.607
0.152757 62.3403 -90.6127
0.15417 62.2603 -90.6183
0.155597 62.1803 -90.624
0.157036 62.1003 -90.6298
0.158489 62.0203 -90.6356
0.159956 61.9403 -90.6415
0.161436 61.8603 -90.6475
0.16293 61.7803 -90.6535
0.164437 61.7003 -90.6595
0.165959 61.6203 -90.6656
0.167494 61.5402 -90.6718
0.169044 61.4602 -90.678
0.170608 61.3802 -90.6842
0.172187 61.3002 -90.6906
0.17378 61.2202 -90.697
0.175388 61.1402 -90.7034
0.177011 61.0602 -90.7099
0.178649 60.9802 -90.7165
0.180302 60.9002 -90.7231
0.18197 60.8202 -90.7298
0.183654 60.7402 -90.7366
0.185353 60.6602 -90.7434
0.187068 60.5802 -90.7503
0.188799 60.5002 -90.7572
0.190546 60.4201 -90.7642
0.192309 60.3401 -90.7713
0.194089 60.2601 -90.7784
0.195884 60.1801 -90.7856
0.197697 60.1001 -90.7929
0.199526 60.0201 -90.8002
0.201372 59.9401 -90.8076
0.203236 59.8601 -90.8151
0.205116 59.7801 -90.8226
0.207014 59.7001 -90.8303
0.20893 59.6201 -90.8379
0.210863 59.54 -90.8457
0.212814 59.46 -90.8535
0.214783 59.38 -90.8614
0.21677 59.3 -90.8694
0.218776 59.22 -90.8774
0.2208 59.14 -90.8855
0.222844 59.06 -90.8937
0.224905 58.98 -90.902
0.226986 58.9 -90.9103
0.229087 58.8199 -90.9188
0.231206 58.7399 -90.9273
0.233346 58.6599 -90.9358
0.235505 58.5799 -90.9445
0.237684 58.4999 -90.9532
0.239883 58.4199 -90.9621
0.242103 58.3399 -90.971
0.244343 58.2598 -90.98
0.246604 58.1798 -90.989
0.248886 58.0998 -90.9982
0.251189 58.0198 -91.0074
0.253513 57.9398 -91.0167
0.255859 57.8598 -91.0261
0.258226 57.7798 -91.0356
0.260615 57.6997 -91.0452
0.263027 57.6197 -91.0549
0.265461 57.5397 -91.0646
0.267917 57.4597 -91.0745
0.270396 57.3797 -91.0844
0.272898 57.2997 -91.0945
0.275423 57.2196 -91.1046
0.277971 57.1396 -91.1148
0.280543 57.0596 -91.1251
0.283139 56.9796 -91.1355
0.285759 56.8996 -91.146
0.288403 56.8196 -91.1566
0.291072 56.7395 -91.1673
0.293765 56.6595 -91.1781
0.296483 56.5795 -91.189
0.299226 56.4995 -91.2
0.301995 56.4195 -91.2111
0.304789 56.3394 -91.2223
0.30761 56.2594 -91.2337
0.310456 56.1794 -91.2451
0.313329 56.0994 -91.2566
0.316228 56.0193 -91.2682
0.319154 55.9393 -91.2799
0.322107 55.8593 -91.2918
0.325087 55.7793 -91.3037
0.328095 55.6992 -91.3158
0.331131 55.6192 -91.328
0.334195 55.5392 -91.3403
0.337287 55.4592 -91.3527
0.340408 55.3791 -91.3652
0.343558 55.2991 -91.3778
0.346737 55.2191 -91.3906
0.349945 55.1391 -91.4034
0.353183 55.059 -91.4164
0.356451 54.979 -91.4295
0.359749 54.899 -91.4427
0.363078 54.8189 -91.4561
0.366438 54.7389 -91.4695
0.369828 54.6589 -91.4831
0.37325 54.5788 -91.4969
0.376704 54.4988 -91.5107
0.380189 54.4188 -91.5247
0.383707 54.3387 -91.5388
0.387258 54.2587 -91.553
0.390841 54.1787 -91.5674
0.394457 54.0986 -91.5819
0.398107 54.0186 -91.5965
0.401791 53.9386 -91.6113
0.405509 53.8585 -91.6262
0.409261 53.7785 -91.6412
0.413048 53.6985 -91.6564
0.416869 53.6184 -91.6718
0.420727 53.5384 -91.6872
0.42462 53.4583 -91.7028
0.428549 53.3783 -91.7186
0.432514 53.2982 -91.7345
0.436516 53.2182 -91.7505
0.440555 53.1382 -91.7667
0.444631 53.0581 -91.7831
0.448745 52.9781 -91.7996
0.452898 52.898 -91.8162
0.457088 52.818 -91.833
0.461318 52.7379 -91.85
0.465586 52.6579 -91.8671
0.469894 52.5778 -91.8843
0.474242 52.4978 -91.9018
0.47863 52.4177 -91.9194
0.483059 52.3377 -91.9371
0.487528 52.2576 -91.955
0.49204 52.1776 -91.9731
0.496592 52.0975 -91.9914
0.501187 52.0174 -92.0098
0.505825 51.9374 -92.0284
0.510505 51.8573 -92.0471
0.515229 51.7773 -92.0661
0.519996 51.6972 -92.0852
0.524807 51.6171 -92.1045
0.529663 51.5371 -92.1239
0.534564 51.457 -92.1436
0.539511 51.3769 -92.1634
0.544503 51.2969 -92.1834
0.549541 51.2168 -92.2036
0.554626 51.1367 -92.224
0.559758 51.0567 -92.2446
0.564937 50.9766 -92.2653
0.570164 50.8965 -92.2863
0.57544 50.8164 -92.3074
0.580764 50.7364 -92.3288
0.586138 50.6563 -92.3503
0.591562 50.5762 -92.3721
0.597035 50.4961 -92.394
0.60256 50.416 -92.4161
0.608135 50.3359 -92.4385
0.613762 50.2559 -92.461
0.619441 50.1758 -92.4838
0.625173 50.0957 -92.5068
0.630957 50.0156 -92.5299
0.636796 49.9355 -92.5533
0.642688 49.8554 -92.577
0.648634 49.7753 -92.6008
0.654636 49.6952 -92.6248
0.660693 49.6151 -92.6491
0.666807 49.535 -92.6736
0.672977 49.4549 -92.6983
0.679204 49.3748 -92.7233
0.685488 49.2947 -92.7485
0.691831 49.2146 -92.7739
0.698232 49.1345 -92.7995
0.704693 49.0543 -92.8254
0.711214 48.9742 -92.8516
0.717794 48.8941 -92.8779
0.724436 48.814 -92.9045
0.731139 48.7339 -92.9314
0.737904 48.6537 -92.9585
0.744732 48.5736 -92.9859
0.751623 48.4935 -93.0135
0.758578 48.4134 -93.0413
0.765597 48.3332 -93.0694
0.772681 48.2531 -93.0978
0.77983 48.1729 -93.1265
0.787046 48.0928 -93.1554
0.794328 48.0127 -93.1845
0.801678 47.9325 -93.214
0.809096 47.8524 -93.2437
0.816582 47.7722 -93.2737
0.824138 47.6921 -93.304
0.831764 47.6119 -93.3345
0.83946 47.5317 -93.3653
0.847227 47.4516 -93.3964
0.855067 47.3714 -93.4278
0.862979 47.2912 -93.4595
0.870964 47.2111 -93.4915
0.879023 47.1309 -93.5238
0.887156 47.0507 -93.5563
0.895365 46.9705 -93.5892
0.903649 46.8903 -93.6224
0.912011 46.8101 -93.6559
0.92045 46.7299 -93.6897
0.928966 46.6497 -93.7238
0.937562 46.5695 -93.7582
0.946237 46.4893 -93.7929
0.954993 46.4091 -93.828
0.963829 46.3289 -93.8634
0.972747 46.2487 -93.8991
0.981748 46.1685 -93.9351
0.990832 46.0882 -93.9715
1 46.008 -94.0082
1.00925 45.9278 -94.0452
1.01859 45.8475 -94.0826
1.02802 45.7673 -94.1203
1.03753 45.6871 -94.1584
1.04713 45.6068 -94.1968
1.05682 45.5266 -94.2356
1.0666 45.4463 -94.2747
1.07647 45.366 -94.3142
1.08643 45.2858 -94.3541
1.09648 45.2055 -94.3943
1.10662 45.1252 -94.4349
1.11686 45.0449 -94.4759
1.1272 44.9646 -94.5172
1.13763 44.8843 -94.559
1.14815 44.804 -94.6011
1.15878 44.7237 -94.6436
1.1695 44.6434 -94.6865
1.18032 44.5631 -94.7297
1.19124 44.4828 -94.7734
1.20226 44.4024 -94.8175
1.21339 44.3221 -94.862
1.22462 44.2417 -94.9069
1.23595 44.1614 -94.9522
1.24738 44.081 -94.998
1.25893 44.0007 -95.0441
1.27057 43.9203 -95.0907
1.28233 43.8399 -95.1377
1.2942 43.7595 -95.1851
1.30617 43.6792 -95.233
1.31826 43.5988 -95.2813
1.33045 43.5183 -95.3301
1.34276 43.4379 -95.3793
1.35519 43.3575 -95.429
1.36773 43.2771 -95.4791
1.38038 43.1967 -95.5297
1.39316 43.1162 -95.5807
1.40605 43.0358 -95.6322
1.41906 42.9553 -95.6842
1.43219 42.8748 -95.7366
1.44544 42.7943 -95.7896
1.45881 42.7139 -95.843
1.47231 42.6334 -95.8969
1.48594 42.5529 -95.9513
1.49968 42.4723 -96.0063
1.51356 42.3918 -96.0617
1.52757 42.3113 -96.1176
1.5417 42.2307 -96.174
1.55597 42.1502 -96.231
1.57036 42.0696 -96.2885
1.58489 41.9891 -96.3465
1.59956 41.9085 -96.405
1.61436 41.8279 -96.4641
1.6293 41.7473 -96.5237
1.64437 41.6666 -96.5838
1.65959 41.586 -96.6445
1.67494 41.5054 -96.7058
1.69044 41.4247 -96.7676
1.70608 41.3441 -96.83
1.72187 41.2634 -96.893
1.7378 41.1827 -96.9565
1.75388 41.102 -97.0207
1.77011 41.0213 -97.0854
1.78649 40.9405 -97.1507
1.80302 40.8598 -97.2166
1.8197 40.779 -97.283
1.83654 40.6983 -97.3502
1.85353 40.6175 -97.4179
1.87068 40.5367 -97.4862
1.88799 40.4559 -97.5552
1.90546 40.3751 -97.6248
1.92309 40.2942 -97.695
1.94089 40.2134 -97.7658
1.95884 40.1325 -97.8374
1.97697 40.0516 -97.9095
1.99526 39.9707 -97.9823
2.01372 39.8898 -98.0558
2.03236 39.8088 -98.13
2.05116 39.7279 -98.2048
2.07014 39.6469 -98.2803
2.0893 39.5659 -98.3565
2.10863 39.4849 -98.4334
2.12814 39.4038 -98.511
2.14783 39.3228 -98.5893
2.1677 39.2417 -98.6683
2.18776 39.1606 -98.748
2.208 39.0795 -98.8285
2.22844 38.9984 -98.9097
2.24905 38.9172 -98.9916
2.26986 38.8361 -99.0743
2.29087 38.7549 -99.1577
2.31206 38.6737 -99.2419
2.33346 38.5924 -99.3268
2.35505 38.5112 -99.4125
2.37684 38.4299 -99.499
2.39883 38.3486 -99.5862
2.42103 38.2673 -99.6743
2.44343 38.1859 -99.7631
2.46604 38.1045 -99.8528
2.48886 38.0231 -99.9433
2.51189 37.9417 -100.035
2.53513 37.8602 -100.127
2.55859 37.7787 -100.22
2.58226 37.6972 -100.313
2.60615 37.6157 -100.408
2.63027 37.5341 -100.503
2.65461 37.4525 -100.6
2.67917 37.3709 -100.697
2.70396 37.2893 -100.795
2.72898 37.2076 -100.894
2.75423 37.1259 -100.994
2.77971 37.0441 -101.095
2.80543 36.9623 -101.196
2.83139 36.8805 -101.299
2.85759 36.7987 -101.402
2.88403 36.7168 -101.507
2.91072 36.6349 -101.612
2.93765 36.5529 -101.718
2.96483 36.471 -101.826
2.99226 36.3889 -101.934
3.01995 36.3069 -102.043
3.04789 36.2248 -102.153
3.0761 36.1427 -102.264
3.10456 36.0605 -102.376
3.13329 35.9783 -102.49
3.16228 35.896 -102.604
3.19154 35.8137 -102.719
3.22107 35.7314 -102.835
3.25087 35.649 -102.952
3.28095 35.5666 -103.071
3.31131 35.4841 -103.19
3.34195 35.4016 -103.31
3.37287 35.3191 -103.432
3.40408 35.2365 -103.554
3.43558 35.1538 -103.678
3.46737 35.0712 -103.802
3.49945 34.9884 -103.928
3.53183 34.9056 -104.055
3.56451 34.8228 -104.183
3.59749 34.7399 -104.312
3.63078 34.6569 -104.443
3.66438 34.5739 -104.574
3.69828 34.4909 -104.707
3.7325 34.4078 -104.84
3.76704 34.3246 -104.975
3.80189 34.2414 -105.111
3.83707 34.1581 -105.249
3.87258 34.0748 -105.387
3.90841 33.9914 -105.527
3.94457 33.9079 -105.668
3.98107 33.8244 -105.81
4.01791 33.7408 -105.954
4.05509 33.6572 -106.098
4.09261 33.5734 -106.244
4.13048 33.4897 -106.391
4.16869 33.4058 -106.54
4.20727 33.3219 -106.69
4.2462 33.2379 -106.841
4.28549 33.1539 -106.993
4.32514 33.0697 -107.147
4.36516 32.9855 -107.302
4.40555 32.9012 -107.458
4.44631 32.8169 -107.616
4.48745 32.7324 -107.775
4.52898 32.6479 -107.935
4.57088 32.5633 -108.097
4.61318 32.4787 -108.26
4.65586 32.3939 -108.425
4.69894 32.3091 -108.59
4.74242 32.2241 -108.758
4.7863 32.1391 -108.927
4.83059 32.054 -109.097
4.87528 31.9688 -109.269
4.9204 31.8835 -109.442
4.96592 31.7982 -109.616
5.01187 31.7127 -109.792
5.05825 31.6271 -109.97
5.10505 31.5414 -110.149
5.15229 31.4557 -110.329
5.19996 31.3698 -110.511
5.24807 31.2838 -110.695
5.29663 31.1977 -110.88
5.34564 31.1116 -111.067
5.39511 31.0253 -111.255
5.44503 30.9389 -111.445
5.49541 30.8524 -111.636
5.54626 30.7657 -111.829
5.59758 30.679 -112.024
5.64937 30.5921 -112.22
5.70164 30.5051 -112.417
5.7544 30.418 -112.617
5.80764 30.3308 -112.818
5.86138 30.2435 -113.02
5.91562 30.156 -113.225
5.97035 30.0684 -113.431
6.0256 29.9807 -113.638
6.08135 29.8928 -113.847
6.13762 29.8048 -114.058
6.19441 29.7166 -114.271
6.25173 29.6284 -114.485
6.30957 29.5399 -114.702
6.36796 29.4514 -114.919
6.42688 29.3626 -115.139
6.48634 29.2738 -115.36
6.54636 29.1848 -115.583
6.60693 29.0956 -115.808
6.66807 29.0063 -116.035
6.72977 28.9168 -116.263
6.79204 28.8272 -116.493
6.85488 28.7374 -116.725
6.91831 28.6474 -116.959
6.98232 28.5573 -117.195
7.04693 28.4669 -117.432
7.11214 28.3765 -117.671
7.17794 28.2858 -117.912
7.24436 28.195 -118.155
7.31139 28.104 -118.4
7.37904 28.0128 -118.647
7.44732 27.9214 -118.895
7.51623 27.8298 -119.146
7.58578 27.738 -119.398
7.65597 27.6461 -119.652
7.72681 27.5539 -119.908
7.7983 27.4616 -120.166
7.87046 27.369 -120.426
7.94328 27.2762 -120.688
8.01678 27.1833 -120.952
8.09096 27.0901 -121.218
8.16582 26.9967 -121.485
8.24138 26.9031 -121.755
8.31764 26.8092 -122.026
8.3946 26.7152 -122.3
8.47227 26.6209 -122.575
8.55067 26.5264 -122.853
8.62979 26.4316 -123.132
8.70964 26.3366 -123.414
8.79023 26.2414 -123.697
8.87156 26.1459 -123.982
8.95365 26.0502 -124.27
9.03649 25.9542 -124.559
9.12011 25.858 -124.85
9.2045 25.7615 -125.144
9.28966 25.6648 -125.439
9.37562 25.5678 -125.737
9.46237 25.4705 -126.036
9.54993 25.373 -126.337
9.63829 25.2752 -126.641
9.72747 25.1771 -126.946
9.81748 25.0787 -127.254
9.90832 24.9801 -127.563
10 24.8812 -127.875
10.0925 24.7819 -128.189
10.1859 24.6824 -128.504
10.2802 24.5826 -128.822
10.3753 24.4825 -129.142
10.4713 24.3821 -129.463
10.5682 24.2814 -129.787
10.666 24.1803 -130.113
10.7647 24.079 -130.441
10.8643 23.9773 -130.77
10.9648 23.8753 -131.102
11.0662 23.773 -131.436
11.1686 23.6703 -131.772
11.272 23.5673 -132.11
11.3763 23.464 -132.45
11.4815 23.3603 -132.792
11.5878 23.2563 -133.136
11.695 23.152 -133.482
11.8032 23.0473 -133.83
11.9124 22.9422 -134.18
12.0226 22.8368 -134.532
12.1339 22.731 -134.886
12.2462 22.6248 -135.242
12.3595 22.5183 -135.6
12.4738 22.4114 -135.959
12.5893 22.3041 -136.321
12.7057 22.1964 -136.685
12.8233 22.0884 -137.051
12.942 21.9799 -137.419
13.0617 21.8711 -137.788
13.1826 21.7619 -138.16
13.3045 21.6523 -138.534
13.4276 21.5422 -138.909
13.5519 21.4318 -139.286
13.6773 21.3209 -139.666
13.8038 21.2097 -140.047
13.9316 21.098 -140.43
14.0605 20.9859 -140.815
14.1906 20.8733 -141.201
14.3219 20.7604 -141.59
14.4544 20.647 -141.98
14.5881 20.5331 -142.373
14.7231 20.4188 -142.767
14.8594 20.3041 -143.162
14.9968 20.1889 -143.56
15.1356 20.0733 -143.959
15.2757 19.9572 -144.361
15.417 19.8407 -144.763
15.5597 19.7237 -145.168
15.7036 19.6063 -145.574
15.8489 19.4883 -145.982
15.9956 19.3699 -146.392
16.1436 19.2511 -146.804
16.293 19.1317 -147.217
16.4437 19.0119 -147.631
16.5959 18.8916 -148.048
16.7494 18.7707 -148.465
16.9044 18.6494 -148.885
17.0608 18.5277 -149.306
17.2187 18.4054 -149.729
17.378 18.2826 -150.153
17.5388 18.1593 -150.578
17.7011 18.0355 -151.006
17.8649 17.9112 -151.434
18.0302 17.7864 -151.864
18.197 17.661 -152.296
18.3654 17.5352 -152.729
18.5353 17.4088 -153.163
18.7068 17.2819 -153.599
18.8799 17.1545 -154.036
19.0546 17.0266 -154.475
19.2309 16.8981 -154.915
19.4089 16.7691 -155.356
19.5884 16.6395 -155.798
19.7697 16.5095 -156.242
19.9526 16.3788 -156.687
20.1372 16.2477 -157.133
20.3236 16.116 -157.58
20.5116 15.9837 -158.029
20.7014 15.8509 -158.478
20.893 15.7175 -158.929
21.0863 15.5836 -159.381
21.2814 15.4491 -159.834
21.4783 15.3141 -160.288
21.677 15.1785 -160.743
21.8776 15.0424 -161.199
22.08 14.9057 -161.656
22.2844 14.7684 -162.114
22.4905 14.6305 -162.573
22.6986 14.4921 -163.033
22.9087 14.3531 -163.494
23.1206 14.2135 -163.956
23.3346 14.0734 -164.418
23.5505 13.9327 -164.882
23.7684 13.7914 -165.346
23.9883 13.6495 -165.811
24.2103 13.5071 -166.277
24.4343 13.364 -166.743
24.6604 13.2204 -167.21
24.8886 13.0762 -167.678
25.1189 12.9314 -168.147
25.3513 12.786 -168.616
25.5859 12.6401 -169.086
25.8226 12.4935 -169.556
26.0615 12.3464 -170.027
26.3027 12.1986 -170.498
26.5461 12.0503 -170.97
26.7917 11.9014 -171.443
27.0396 11.7519 -171.915
27.2898 11.6018 -172.389
27.5423 11.4511 -172.862
27.7971 11.2998 -173.337
28.0543 11.1479 -173.811
28.3139 10.9954 -174.286
28.5759 10.8423 -174.761
28.8403 10.6886 -175.236
29.1072 10.5343 -175.712
29.3765 10.3794 -176.188
29.6483 10.2239 -176.664
29.9226 10.0678 -177.14
30.1995 9.91112 -177.617
30.4789 9.75383 -178.093
30.761 9.59593 -178.57
31.0456 9.43744 -179.046
31.3329 9.27834 -179.523
31.6228 9.11864 180
31.9154 8.95834 179.523
32.2107 8.79744 179.046
32.5087 8.63593 178.57
32.8095 8.47383 178.093
33.1131 8.31112 177.617
33.4195 8.14781 177.14
33.7287 7.98391 176.664
34.0408 7.8194 176.188
34.3558 7.65429 175.712
34.6737 7.48858 175.236
34.9945 7.32228 174.761
35.3183 7.15537 174.286
35.6451 6.98787 173.811
35.9749 6.81977 173.337
36.3078 6.65107 172.862
36.6438 6.48177 172.389
36.9828 6.31188 171.915
37.325 6.1414 171.443
37.6704 5.97032 170.97
38.0189 5.79865 170.498
38.3707 5.62638 170.027
38.7258 5.45353 169.556
39.0841 5.28008 169.086
39.4457 5.10605 168.616
39.8107 4.93142 168.147
40.1791 4.75621 167.678
40.5509 4.58041 167.21
40.9261 4.40403 166.743
41.3048 4.22707 166.277
41.6869 4.04952 165.811
42.0727 3.87139 165.346
42.462 3.69269 164.882
42.8549 3.5134 164.418
43.2514 3.33354 163.956
43.6516 3.15311 163.494
44.0555 2.9721 163.033
44.4631 2.79052 162.573
44.8745 2.60837 162.114
45.2898 2.42566 161.656
45.7088 2.24237 161.199
46.1318 2.05853 160.743
46.5586 1.87412 160.288
46.9894 1.68915 159.834
47.4242 1.50362 159.381
47.863 1.31753 158.929
48.3059 1.1309 158.478
48.7528 0.943706 158.029
49.204 0.755965 157.58
49.6592 0.567677 157.133
50.1187 0.378843 156.687
50.5825 0.189467 156.242
51.0505 -0.000450392 155.798
51.5229 -0.190906 155.356
51.9996 -0.381897 154.915
52.4807 -0.573422 154.475
52.9663 -0.765477 154.036
53.4564 -0.95806 153.599
53.9511 -1.15117 153.163
54.4503 -1.3448 152.729
54.9541 -1.53895 152.296
55.4626 -1.73362 151.864
55.9758 -1.92881 151.434
56.4937 -2.1245 151.006
57.0164 -2.32071 150.578
57.544 -2.51742 150.153
58.0764 -2.71463 149.729
58.6138 -2.91234 149.306
59.1562 -3.11055 148.885
59.7035 -3.30925 148.465
60.256 -3.50845 148.048
60.8135 -3.70813 147.631
61.3762 -3.9083 147.217
61.9441 -4.10895 146.804
62.5173 -4.31007 146.392
63.0957 -4.51167 145.982
63.6796 -4.71374 145.574
64.2688 -4.91628 145.168
64.8634 -5.11929 144.763
65.4636 -5.32275 144.361
66.0693 -5.52668 143.959
66.6807 -5.73106 143.56
67.2977 -5.93589 143.162
67.9204 -6.14116 142.767
68.5488 -6.34689 142.373
69.1831 -6.55305 141.98
69.8232 -6.75965 141.59
70.4693 -6.96668 141.201
71.1214 -7.17414 140.815
71.7794 -7.38203 140.43
72.4436 -7.59034 140.047
73.1139 -7.79907 139.666
73.7904 -8.00822 139.286
74.4732 -8.21778 138.909
75.1623 -8.42774 138.534
75.8578 -8.63811 138.16
76.5597 -8.84888 137.788
77.2681 -9.06005 137.419
77.983 -9.27161 137.051
78.7046 -9.48356 136.685
79.4328 -9.6959 136.321
80.1678 -9.90862 135.959
80.9096 -10.1217 135.6
81.6582 -10.3352 135.242
82.4138 -10.549 134.886
83.1764 -10.7632 134.532
83.946 -10.9778 134.18
84.7227 -11.1927 133.83
85.5067 -11.408 133.482
86.2979 -11.6237 133.136
87.0964 -11.8397 132.792
87.9023 -12.056 132.45
88.7156 -12.2727 132.11
89.5365 -12.4897 131.772
90.3649 -12.707 131.436
91.2011 -12.9247 131.102
92.045 -13.1427 130.77
92.8966 -13.361 130.441
93.7562 -13.5797 130.113
94.6237 -13.7986 129.787
95.4993 -14.0179 129.463
96.3829 -14.2375 129.142
97.2747 -14.4574 128.822
98.1748 -14.6776 128.504
99.0832 -14.8981 128.189
100 -15.1188 127.875
100.925 -15.3399 127.563
101.859 -15.5613 127.254
102.802 -15.7829 126.946
103.753 -16.0048 126.641
104.713 -16.227 126.337
105.682 -16.4495 126.036
106.66 -16.6722 125.737
107.647 -16.8952 125.439
108.643 -17.1185 125.144
109.648 -17.342 124.85
110.662 -17.5658 124.559
111.686 -17.7898 124.27
112.72 -18.0141 123.982
113.763 -18.2386 123.697
114.815 -18.4634 123.414
115.878 -18.6884 123.132
116.95 -18.9136 122.853
118.032 -19.1391 122.575
119.124 -19.3648 122.3
120.226 -19.5908 122.026
121.339 -19.8169 121.755
122.462 -20.0433 121.485
123.595 -20.2699 121.218
124.738 -20.4967 120.952
125.893 -20.7238 120.688
127.057 -20.951 120.426
128.233 -21.1784 120.166
129.42 -21.4061 119.908
130.617 -21.6339 119.652
131.826 -21.862 119.398
133.045 -22.0902 119.146
134.276 -22.3186 118.895
135.519 -22.5472 118.647
136.773 -22.776 118.4
138.038 -23.005 118.155
139.316 -23.2342 117.912
140.605 -23.4635 117.671
141.906 -23.6931 117.432
143.219 -23.9227 117.195
144.544 -24.1526 116.959
145.881 -24.3826 116.725
147.231 -24.6128 116.493
148.594 -24.8432 116.263
149.968 -25.0737 116.035
151.356 -25.3044 115.808
152.757 -25.5352 115.583
154.17 -25.7662 115.36
155.597 -25.9974 115.139
157.036 -26.2286 114.919
158.489 -26.4601 114.702
159.956 -26.6916 114.485
161.436 -26.9234 114.271
162.93 -27.1552 114.058
164.437 -27.3872 113.847
165.959 -27.6193 113.638
167.494 -27.8516 113.431
169.044 -28.084 113.225
170.608 -28.3165 113.02
172.187 -28.5492 112.818
173.78 -28.782 112.617
175.388 -29.0149 112.417
177.011 -29.2479 112.22
178.649 -29.481 112.024
180.302 -29.7143 111.829
181.97 -29.9476 111.636
183.654 -30.1811 111.445
185.353 -30.4147 111.255
187.068 -30.6484 111.067
188.799 -30.8823 110.88
190.546 -31.1162 110.695
192.309 -31.3502 110.511
194.089 -31.5843 110.329
195.884 -31.8186 110.149
197.697 -32.0529 109.97
199.526 -32.2873 109.792
201.372 -32.5218 109.616
203.236 -32.7565 109.442
205.116 -32.9912 109.269
207.014 -33.226 109.097
208.93 -33.4609 108.927
210.863 -33.6959 108.758
212.814 -33.9309 108.59
214.783 -34.1661 108.425
216.77 -34.4013 108.26
218.776 -34.6367 108.097
220.8 -34.8721 107.935
222.844 -35.1076 107.775
224.905 -35.3431 107.616
226.986 -35.5788 107.458
229.087 -35.8145 107.302
231.206 -36.0503 107.147
233.346 -36.2861 106.993
235.505 -36.5221 106.841
237.684 -36.7581 106.69
239.883 -36.9942 106.54
242.103 -37.2303 106.391
244.343 -37.4666 106.244
246.604 -37.7028 106.098
248.886 -37.9392 105.954
251.189 -38.1756 105.81
253.513 -38.4121 105.668
255.859 -38.6486 105.527
258.226 -38.8852 105.387
260.615 -39.1219 105.249
263.027 -39.3586 105.111
265.461 -39.5954 104.975
267.917 -39.8322 104.84
270.396 -40.0691 104.707
272.898 -40.3061 104.574
275.423 -40.5431 104.443
277.971 -40.7801 104.312
280.543 -41.0172 104.183
283.139 -41.2544 104.055
285.759 -41.4916 103.928
288.403 -41.7288 103.802
291.072 -41.9662 103.678
293.765 -42.2035 103.554
296.483 -42.4409 103.432
299.226 -42.6784 103.31
301.995 -42.9159 103.19
304.789 -43.1534 103.071
307.61 -43.391 102.952
310.456 -43.6286 102.835
313.329 -43.8663 102.719
316.228 -44.104 102.604
319.154 -44.3417 102.49
322.107 -44.5795 102.376
325.087 -44.8173 102.264
328.095 -45.0552 102.153
331.131 -45.2931 102.043
334.195 -45.5311 101.934
337.287 -45.769 101.826
340.408 -46.0071 101.718
343.558 -46.2451 101.612
346.737 -46.4832 101.507
349.945 -46.7213 101.402
353.183 -46.9595 101.299
356.451 -47.1977 101.196
359.749 -47.4359 101.095
363.078 -47.6741 100.994
366.438 -47.9124 100.894
369.828 -48.1507 100.795
373.25 -48.3891 100.697
376.704 -48.6275 100.6
380.189 -48.8659 100.503
383.707 -49.1043 100.408
387.258 -49.3428 100.313
390.841 -49.5813 100.22
394.457 -49.8198 100.127
398.107 -50.0583 100.035
401.791 -50.2969 99.9433
405.509 -50.5355 99.8528
409.261 -50.7741 99.7631
413.048 -51.0127 99.6743
416.869 -51.2514 99.5862
420.727 -51.4901 99.499
424.62 -51.7288 99.4125
428.549 -51.9676 99.3268
432.514 -52.2063 99.2419
436.516 -52.4451 99.1577
440.555 -52.6839 99.0743
444.631 -52.9228 98.9916
448.745 -53.1616 98.9097
452.898 -53.4005 98.8285
457.088 -53.6394 98.748
461.318 -53.8783 98.6683
465.586 -54.1172 98.5893
469.894 -54.3562 98.511
474.242 -54.5951 98.4334
478.63 -54.8341 98.3565
483.059 -55.0731 98.2803
487.528 -55.3121 98.2048
492.04 -55.5512 98.13
496.592 -55.7902 98.0558
501.187 -56.0293 97.9823
505.825 -56.2684 97.9095
510.505 -56.5075 97.8374
515.229 -56.7466 97.7658
519.996 -56.9858 97.695
524.807 -57.2249 97.6248
529.663 -57.4641 97.5552
534.564 -57.7033 97.4862
539.511 -57.9425 97.4179
544.503 -58.1817 97.3502
549.541 -58.421 97.283
554.626 -58.6602 97.2166
559.758 -58.8995 97.1507
564.937 -59.1387 97.0854
570.164 -59.378 97.0207
575.44 -59.6173 96.9565
580.764 -59.8566 96.893
586.138 -60.0959 96.83
591.562 -60.3353 96.7676
597.035 -60.5746 96.7058
602.56 -60.814 96.6445
608.135 -61.0534 96.5838
613.762 -61.2927 96.5237
619.441 -61.5321 96.4641
625.173 -61.7715 96.405
630.957 -62.0109 96.3465
636.796 -62.2504 96.2885
642.688 -62.4898 96.231
648.634 -62.7293 96.174
654.636 -62.9687 96.1176
660.693 -63.2082 96.0617
666.807 -63.4477 96.0063
672.977 -63.6871 95.9513
679.204 -63.9266 95.8969
685.488 -64.1661 95.843
691.831 -64.4057 95.7896
698.232 -64.6452 95.7366
704.693 -64.8847 95.6842
711.214 -65.1242 95.6322
717.794 -65.3638 95.5807
724.436 -65.6033 95.5297
731.139 -65.8429 95.4791
737.904 -66.0825 95.429
744.732 -66.3221 95.3793
751.623 -66.5617 95.3301
758.578 -66.8012 95.2813
765.597 -67.0408 95.233
772.681 -67.2805 95.1851
779.83 -67.5201 95.1377
787.046 -67.7597 95.0907
794.328 -67.9993 95.0441
801.678 -68.239 94.998
809.096 -68.4786 94.9522
816.582 -68.7183 94.9069
824.138 -68.9579 94.862
831.764 -69.1976 94.8175
839.46 -69.4372 94.7734
847.227 -69.6769 94.7297
855.067 -69.9166 94.6865
862.979 -70.1563 94.6436
870.964 -70.396 94.6011
879.023 -70.6357 94.559
887.156 -70.8754 94.5172
895.365 -71.1151 94.4759
903.649 -71.3548 94.4349
912.011 -71.5945 94.3943
920.45 -71.8342 94.3541
928.966 -72.074 94.3142
937.562 -72.3137 94.2747
946.237 -72.5534 94.2356
954.993 -72.7932 94.1968
963.829 -73.0329 94.1584
972.747 -73.2727 94.1203
981.748 -73.5125 94.0826
990.832 -73.7522 94.0452
1000 -73.992 94.0082
