200000 0 0
200000 49.9999 0.05
199999 99.999 0.1
199998 149.997 0.15
199997 199.992 0.2
199996 249.984 0.25
199994 299.973 0.3
199991 349.957 0.35
199989 399.936 0.4
199986 449.909 0.45
199982 499.875 0.5
199979 549.834 0.55
199975 599.784 0.6
199970 649.725 0.65
199966 699.657 0.7
199961 749.578 0.75
199955 799.488 0.8
199949 849.386 0.85
199943 899.271 0.9
199937 949.143 0.95
199930 999 1
199923 1048.84 1.05
199915 1098.67 1.1
199907 1148.48 1.15
199899 1198.27 1.2
199891 1248.05 1.25
199882 1297.8 1.3
199872 1347.54 1.35
199863 1397.26 1.4
199853 1446.95 1.45
199842 1496.62 1.5
199832 1546.28 1.55
199821 1595.9 1.6
199809 1645.51 1.65
199798 1695.09 1.7
199786 1744.64 1.75
199773 1794.17 1.8
199760 1843.67 1.85
199747 1893.14 1.9
199734 1942.59 1.95
199720 1992 2
199706 2041.38 2.05
199691 2090.74 2.1
199676 2140.06 2.15
199661 2189.35 2.2
199646 2238.61 2.25
199630 2287.83 2.3
199613 2337.02 2.35
199597 2386.18 2.4
199580 2435.29 2.45
199562 2484.38 2.5
199545 2533.42 2.55
199527 2582.42 2.6
199508 2631.39 2.65
199490 2680.32 2.7
199471 2729.2 2.75
199451 2778.05 2.8
199431 2826.85 2.85
199411 2875.61 2.9
199391 2924.33 2.95
199370 2973 3
199349 3021.63 3.05
199327 3070.21 3.1
199305 3118.74 3.15
199283 3167.23 3.2
199261 3215.67 3.25
199238 3264.06 3.3
199214 3312.4 3.35
199191 3360.7 3.4
199167 3408.94 3.45
199142 3457.13 3.5
199118 3505.26 3.55
199093 3553.34 3.6
199067 3601.37 3.65
199042 3649.35 3.7
199016 3697.27 3.75
198989 3745.13 3.8
198962 3792.93 3.85
198935 3840.68 3.9
198908 3888.37 3.95
198880 3936 4
198852 3983.57 4.05
198823 4031.08 4.1
198794 4078.53 4.15
198765 4125.91 4.2
198736 4173.23 4.25
198706 4220.49 4.3
198675 4267.69 4.35
198645 4314.82 4.4
198614 4361.88 4.45
198582 4408.88 4.5
198551 4455.8 4.55
198519 4502.66 4.6
198486 4549.46 4.65
198454 4596.18 4.7
198421 4642.83 4.75
198387 4689.41 4.8
198353 4735.92 4.85
198319 4782.35 4.9
198285 4828.71 4.95
198250 4875 5
198215 4921.21 5.05
198179 4967.35 5.1
198143 5013.41 5.15
198107 5059.39 5.2
198071 5105.3 5.25
198034 5151.12 5.3
197996 5196.87 5.35
197959 5242.54 5.4
197921 5288.12 5.45
197882 5333.62 5.5
197844 5379.05 5.55
197805 5424.38 5.6
197765 5469.64 5.65
197726 5514.81 5.7
197686 5559.89 5.75
197645 5604.89 5.8
197604 5649.8 5.85
197563 5694.62 5.9
197522 5739.36 5.95
197480 5784 6
197438 5828.55 6.05
197395 5873.02 6.1
197352 5917.39 6.15
197309 5961.67 6.2
197266 6005.86 6.25
197222 6049.95 6.3
197177 6093.95 6.35
197133 6137.86 6.4
197088 6181.66 6.45
197042 6225.38 6.5
196997 6268.99 6.55
196951 6312.5 6.6
196904 6355.92 6.65
196858 6399.24 6.7
196811 6442.45 6.75
196763 6485.57 6.8
196715 6528.58 6.85
196667 6571.49 6.9
196619 6614.3 6.95
196570 6657 7
196521 6699.6 7.05
196471 6742.09 7.1
196421 6784.47 7.15
196371 6826.75 7.2
196321 6868.92 7.25
196270 6910.98 7.3
196218 6952.93 7.35
196167 6994.78 7.4
196115 7036.51 7.45
196062 7078.12 7.5
196010 7119.63 7.55
195957 7161.02 7.6
195903 7202.3 7.65
195850 7243.47 7.7
195796 7284.52 7.75
195741 7325.45 7.8
195686 7366.26 7.85
195631 7406.96 7.9
195576 7447.54 7.95
195520 7488 8
195464 7528.34 8.05
195407 7568.56 8.1
195350 7608.66 8.15
195293 7648.63 8.2
195236 7688.48 8.25
195178 7728.21 8.3
195119 7767.82 8.35
195061 7807.3 8.4
195002 7846.65 8.45
194942 7885.88 8.5
194883 7924.97 8.55
194823 7963.94 8.6
194762 8002.79 8.65
194702 8041.5 8.7
194641 8080.08 8.75
194579 8118.53 8.8
194517 8156.85 8.85
194455 8195.03 8.9
194393 8233.08 8.95
194330 8271 9
194267 8308.78 9.05
194203 8346.43 9.1
194139 8383.94 9.15
194075 8421.31 9.2
194011 8458.55 9.25
193946 8495.64 9.3
193880 8532.6 9.35
193815 8569.42 9.4
193749 8606.09 9.45
193682 8642.62 9.5
193616 8679.02 9.55
193549 8715.26 9.6
193481 8751.37 9.65
193414 8787.33 9.7
193346 8823.14 9.75
193277 8858.81 9.8
193208 8894.33 9.85
193139 8929.7 9.9
193070 8964.93 9.95
193000 9000 10
192930 9034.92 10.05
192859 9069.7 10.1
192788 9104.32 10.15
192717 9138.79 10.2
192646 9173.11 10.25
192574 9207.27 10.3
192501 9241.28 10.35
192429 9275.14 10.4
192356 9308.83 10.45
192282 9342.38 10.5
192209 9375.76 10.55
192135 9408.98 10.6
192060 9442.05 10.65
191986 9474.96 10.7
191911 9507.7 10.75
191835 9540.29 10.8
191759 9572.71 10.85
191683 9604.97 10.9
191607 9637.07 10.95
191530 9669 11
191453 9700.77 11.05
191375 9732.37 11.1
191297 9763.8 11.15
191219 9795.07 11.2
191141 9826.17 11.25
191062 9857.1 11.3
190982 9887.86 11.35
190903 9918.46 11.4
190823 9948.88 11.45
190742 9979.12 11.5
190662 10009.2 11.55
190581 10039.1 11.6
190499 10068.8 11.65
190418 10098.4 11.7
190336 10127.8 11.75
190253 10157 11.8
190170 10186 11.85
190087 10214.8 11.9
190004 10243.5 11.95
189920 10272 12
189836 10300.3 12.05
189751 10328.4 12.1
189666 10356.4 12.15
189581 10384.2 12.2
189496 10411.7 12.25
189410 10439.1 12.3
189323 10466.3 12.35
189237 10493.4 12.4
189150 10520.2 12.45
189062 10546.9 12.5
188975 10573.3 12.55
188887 10599.6 12.6
188798 10625.7 12.65
188710 10651.6 12.7
188621 10677.3 12.75
188531 10702.8 12.8
188441 10728.2 12.85
188351 10753.3 12.9
188261 10778.3 12.95
188170 10803 13
188079 10827.6 13.05
187987 10851.9 13.1
187895 10876.1 13.15
187803 10900 13.2
187711 10923.8 13.25
187618 10947.4 13.3
187524 10970.7 13.35
187431 10993.9 13.4
187337 11016.9 13.45
187242 11039.6 13.5
187148 11062.2 13.55
187053 11084.5 13.6
186957 11106.7 13.65
186862 11128.6 13.7
186766 11150.4 13.75
186669 11171.9 13.8
186572 11193.3 13.85
186475 11214.4 13.9
186378 11235.3 13.95
186280 11256 14
186182 11276.5 14.05
186083 11296.8 14.1
185984 11316.9 14.15
185885 11336.7 14.2
185786 11356.4 14.25
185686 11375.8 14.3
185585 11395 14.35
185485 11414 14.4
185384 11432.8 14.45
185282 11451.4 14.5
185181 11469.7 14.55
185079 11487.9 14.6
184976 11505.8 14.65
184874 11523.5 14.7
184771 11541 14.75
184667 11558.2 14.8
184563 11575.2 14.85
184459 11592.1 14.9
184355 11608.6 14.95
184250 11625 15
184145 11641.1 15.05
184039 11657 15.1
183933 11672.7 15.15
183827 11688.2 15.2
183721 11703.4 15.25
183614 11718.4 15.3
183506 11733.2 15.35
183399 11747.7 15.4
183291 11762 15.45
183182 11776.1 15.5
183074 11790 15.55
182965 11803.6 15.6
182855 11817 15.65
182746 11830.1 15.7
182636 11843 15.75
182525 11855.7 15.8
182414 11868.1 15.85
182303 11880.3 15.9
182192 11892.3 15.95
182080 11904 16
181968 11915.5 16.05
181855 11926.7 16.1
181742 11937.7 16.15
181629 11948.5 16.2
181516 11959 16.25
181402 11969.3 16.3
181287 11979.3 16.35
181173 11989.1 16.4
181058 11998.6 16.45
180942 12007.9 16.5
180827 12016.9 16.55
180711 12025.7 16.6
180594 12034.2 16.65
180478 12042.5 16.7
180361 12050.6 16.75
180243 12058.4 16.8
180125 12065.9 16.85
180007 12073.2 16.9
179889 12080.2 16.95
179770 12087 17
179651 12093.5 17.05
179531 12099.8 17.1
179411 12105.8 17.15
179291 12111.6 17.2
179171 12117 17.25
179050 12122.3 17.3
178928 12127.3 17.35
178807 12132 17.4
178685 12136.4 17.45
178562 12140.6 17.5
178440 12144.6 17.55
178317 12148.2 17.6
178193 12151.6 17.65
178070 12154.8 17.7
177946 12157.6 17.75
177821 12160.2 17.8
177696 12162.6 17.85
177571 12164.7 17.9
177446 12166.5 17.95
177320 12168 18
177194 12169.3 18.05
177067 12170.3 18.1
176940 12171 18.15
176813 12171.4 18.2
176686 12171.6 18.25
176558 12171.5 18.3
176429 12171.1 18.35
176301 12170.5 18.4
176172 12169.6 18.45
176042 12168.4 18.5
175913 12166.9 18.55
175783 12165.1 18.6
175652 12163.1 18.65
175522 12160.8 18.7
175391 12158.2 18.75
175259 12155.3 18.8
175127 12152.2 18.85
174995 12148.7 18.9
174863 12145 18.95
174730 12141 19
174597 12136.7 19.05
174463 12132.1 19.1
174329 12127.3 19.15
174195 12122.1 19.2
174061 12116.7 19.25
173926 12110.9 19.3
173790 12104.9 19.35
173655 12098.6 19.4
173519 12092 19.45
173382 12085.1 19.5
173246 12077.9 19.55
173109 12070.5 19.6
172971 12062.7 19.65
172834 12054.6 19.7
172696 12046.3 19.75
172557 12037.6 19.8
172418 12028.7 19.85
172279 12019.4 19.9
172140 12009.9 19.95
172000 12000 20
171860 11989.8 20.05
171719 11979.4 20.1
171578 11968.6 20.15
171437 11957.6 20.2
171296 11946.2 20.25
171154 11934.6 20.3
171011 11922.6 20.35
170869 11910.3 20.4
170726 11897.8 20.45
170582 11884.9 20.5
170439 11871.7 20.55
170295 11858.2 20.6
170150 11844.4 20.65
170006 11830.3 20.7
169861 11815.8 20.75
169715 11801.1 20.8
169569 11786 20.85
169423 11770.7 20.9
169277 11755 20.95
169130 11739 21
168983 11722.7 21.05
168835 11706.1 21.1
168687 11689.1 21.15
168539 11671.9 21.2
168391 11654.3 21.25
168242 11636.4 21.3
168092 11618.2 21.35
167943 11599.7 21.4
167793 11580.8 21.45
167642 11561.6 21.5
167492 11542.1 21.55
167341 11522.3 21.6
167189 11502.2 21.65
167038 11481.7 21.7
166886 11460.9 21.75
166733 11439.8 21.8
166580 11418.3 21.85
166427 11396.5 21.9
166274 11374.4 21.95
166120 11352 22
165966 11329.2 22.05
165811 11306.1 22.1
165656 11282.7 22.15
165501 11259 22.2
165346 11234.9 22.25
165190 11210.4 22.3
165033 11185.7 22.35
164877 11160.6 22.4
164720 11135.1 22.45
164562 11109.4 22.5
164405 11083.3 22.55
164247 11056.8 22.6
164088 11030 22.65
163930 11002.9 22.7
163771 10975.5 22.75
163611 10947.6 22.8
163451 10919.5 22.85
163291 10891 22.9
163131 10862.2 22.95
162970 10833 23
162809 10803.5 23.05
162647 10773.6 23.1
162485 10743.4 23.15
162323 10712.8 23.2
162161 10681.9 23.25
161998 10650.7 23.3
161834 10619.1 23.35
161671 10587.1 23.4
161507 10554.8 23.45
161342 10522.1 23.5
161178 10489.1 23.55
161013 10455.7 23.6
160847 10422 23.65
160682 10387.9 23.7
160516 10353.5 23.75
160349 10318.7 23.8
160182 10283.6 23.85
160015 10248.1 23.9
159848 10212.2 23.95
159680 10176 24
159512 10139.4 24.05
159343 10102.5 24.1
159174 10065.2 24.15
159005 10027.5 24.2
158836 9989.48 24.25
158666 9951.09 24.3
158495 9912.34 24.35
158325 9873.22 24.4
158154 9833.73 24.45
157982 9793.88 24.5
157811 9753.65 24.55
157639 9713.06 24.6
157466 9672.11 24.65
157294 9630.78 24.7
157121 9589.08 24.75
156947 9547.01 24.8
156773 9504.57 24.85
156599 9461.75 24.9
156425 9418.56 24.95
156250 9375 25
156075 9331.06 25.05
155899 9286.75 25.1
155723 9242.06 25.15
155547 9196.99 25.2
155371 9151.55 25.25
155194 9105.72 25.3
155016 9059.52 25.35
154839 9012.94 25.4
154661 8965.97 25.45
154482 8918.62 25.5
154304 8870.9 25.55
154125 8822.78 25.6
153945 8774.29 25.65
153766 8725.41 25.7
153586 8676.14 25.75
153405 8626.49 25.8
153224 8576.45 25.85
153043 8526.02 25.9
152862 8475.21 25.95
152680 8424 26
152498 8372.4 26.05
152315 8320.42 26.1
152132 8268.04 26.15
151949 8215.27 26.2
151766 8162.11 26.25
151582 8108.55 26.3
151397 8054.6 26.35
151213 8000.26 26.4
151028 7945.51 26.45
150842 7890.38 26.5
150657 7834.84 26.55
150471 7778.9 26.6
150284 7722.57 26.65
150098 7665.84 26.7
149911 7608.7 26.75
149723 7551.17 26.8
149535 7493.23 26.85
149347 7434.89 26.9
149159 7376.15 26.95
148970 7317 27
148781 7257.45 27.05
148591 7197.49 27.1
148401 7137.12 27.15
148211 7076.35 27.2
148021 7015.17 27.25
147830 6953.58 27.3
147638 6891.58 27.35
147447 6829.18 27.4
147255 6766.36 27.45
147062 6703.12 27.5
146870 6639.48 27.55
146677 6575.42 27.6
146483 6510.95 27.65
146290 6446.07 27.7
146096 6380.77 27.75
145901 6315.05 27.8
145706 6248.91 27.85
145511 6182.36 27.9
145316 6115.39 27.95
145120 6048 28
144924 5980.19 28.05
144727 5911.96 28.1
144530 5843.31 28.15
144333 5774.23 28.2
144136 5704.73 28.25
143938 5634.81 28.3
143739 5564.47 28.35
143541 5493.7 28.4
143342 5422.5 28.45
143142 5350.88 28.5
142943 5278.82 28.55
142743 5206.34 28.6
142542 5133.44 28.65
142342 5060.1 28.7
142141 4986.33 28.75
141939 4912.13 28.8
141737 4837.5 28.85
141535 4762.43 28.9
141333 4686.93 28.95
141130 4611 29
140927 4534.63 29.05
140723 4457.83 29.1
140519 4380.59 29.15
140315 4302.91 29.2
140111 4224.8 29.25
139906 4146.24 29.3
139700 4067.25 29.35
139495 3987.82 29.4
139289 3907.94 29.45
139082 3827.62 29.5
138876 3746.87 29.55
138669 3665.66 29.6
138461 3584.02 29.65
138254 3501.93 29.7
138046 3419.39 29.75
137837 3336.41 29.8
137628 3252.98 29.85
137419 3169.1 29.9
137210 3084.78 29.95
137000 3000 30
136790 2914.77 30.05
136579 2829.1 30.1
136368 2742.97 30.15
136157 2656.39 30.2
135946 2569.36 30.25
135734 2481.87 30.3
135521 2393.93 30.35
135309 2305.54 30.4
135096 2216.68 30.45
134882 2127.38 30.5
134669 2037.61 30.55
134455 1947.38 30.6
134240 1856.7 30.65
134026 1765.56 30.7
133811 1673.95 30.75
133595 1581.89 30.8
133379 1489.36 30.85
133163 1396.37 30.9
132947 1302.92 30.95
132730 1209 31
132513 1114.62 31.05
132295 1019.77 31.1
132077 924.454 31.15
131859 828.672 31.2
131641 732.422 31.25
131422 635.703 31.3
131202 538.515 31.35
130983 440.856 31.4
130763 342.726 31.45
130542 244.125 31.5
130322 145.051 31.55
130101 45.504 31.6
129879 -54.5171 31.65
129658 -155.013 31.7
129436 -255.984 31.75
129213 -357.432 31.8
128990 -459.357 31.85
128767 -561.759 31.9
128544 -664.64 31.95
128320 -768 32
128096 -871.84 32.05
127871 -976.161 32.1
127646 -1080.96 32.15
127421 -1186.25 32.2
127196 -1292.02 32.25
126970 -1398.27 32.3
126743 -1505 32.35
126517 -1612.22 32.4
126290 -1719.93 32.45
126062 -1828.12 32.5
125835 -1936.81 32.55
125607 -2045.98 32.6
125378 -2155.63 32.65
125150 -2265.78 32.7
124921 -2376.42 32.75
124691 -2487.55 32.8
124461 -2599.17 32.85
124231 -2711.29 32.9
124001 -2823.9 32.95
123770 -2937 33
123539 -3050.6 33.05
123307 -3164.69 33.1
123075 -3279.28 33.15
122843 -3394.37 33.2
122611 -3509.95 33.25
122378 -3626.04 33.3
122144 -3742.62 33.35
121911 -3859.7 33.4
121677 -3977.29 33.45
121442 -4095.38 33.5
121208 -4213.96 33.55
120973 -4333.06 33.6
120737 -4452.65 33.65
120502 -4572.75 33.7
120266 -4693.36 33.75
120029 -4814.47 33.8
119792 -4936.09 33.85
119555 -5058.22 33.9
119318 -5180.85 33.95
119080 -5304 34
118842 -5427.66 34.05
118603 -5551.82 34.1
118364 -5676.5 34.15
118125 -5801.69 34.2
117886 -5927.39 34.25
117646 -6053.61 34.3
117405 -6180.34 34.35
117165 -6307.58 34.4
116924 -6435.35 34.45
116682 -6563.62 34.5
116441 -6692.42 34.55
116199 -6821.74 34.6
115956 -6951.57 34.65
115714 -7081.92 34.7
115471 -7212.8 34.75
115227 -7344.19 34.8
114983 -7476.11 34.85
114739 -7608.55 34.9
114495 -7741.51 34.95
114250 -7875 35
114005 -8009.01 35.05
113759 -8143.55 35.1
113513 -8278.62 35.15
113267 -8414.21 35.2
113021 -8550.33 35.25
112774 -8686.98 35.3
112526 -8824.16 35.35
112279 -8961.86 35.4
112031 -9100.1 35.45
111782 -9238.88 35.5
111534 -9378.18 35.55
111285 -9518.02 35.6
111035 -9658.39 35.65
110786 -9799.29 35.7
110536 -9940.73 35.75
110285 -10082.7 35.8
110034 -10225.2 35.85
109783 -10368.3 35.9
109532 -10511.9 35.95
109280 -10656 36
109028 -10800.7 36.05
108775 -10945.9 36.1
108522 -11091.6 36.15
108269 -11237.9 36.2
108016 -11384.8 36.25
107762 -11532.1 36.3
107507 -11680.1 36.35
107253 -11828.5 36.4
106998 -11977.6 36.45
106742 -12127.1 36.5
106487 -12277.2 36.55
106231 -12427.9 36.6
105974 -12579.1 36.65
105718 -12730.9 36.7
105461 -12883.2 36.75
105203 -13036 36.8
104945 -13189.4 36.85
104687 -13343.4 36.9
104429 -13497.9 36.95
104170 -13653 37
103911 -13808.6 37.05
103651 -13964.8 37.1
103391 -14121.6 37.15
103131 -14278.8 37.2
102871 -14436.7 37.25
102610 -14595.1 37.3
102348 -14754.1 37.35
102087 -14913.6 37.4
101825 -15073.7 37.45
101562 -15234.4 37.5
101300 -15395.6 37.55
101037 -15557.4 37.6
100773 -15719.7 37.65
100510 -15882.6 37.7
100246 -16046.1 37.75
99981.2 -16210.2 37.8
99716.4 -16374.8 37.85
99451.3 -16539.9 37.9
99185.8 -16705.7 37.95
98920 -16872 38
98653.8 -17038.9 38.05
98387.3 -17206.3 38.1
98120.4 -17374.4 38.15
97853.2 -17543 38.2
97585.6 -17712.1 38.25
97317.7 -17881.9 38.3
97049.4 -18052.2 38.35
96780.8 -18223.1 38.4
96511.8 -18394.6 38.45
96242.5 -18566.6 38.5
95972.8 -18739.3 38.55
95702.8 -18912.5 38.6
95432.4 -19086.2 38.65
95161.7 -19260.6 38.7
94890.6 -19435.5 38.75
94619.2 -19611.1 38.8
94347.4 -19787.2 38.85
94075.3 -19963.9 38.9
93802.8 -20141.1 38.95
93530 -20319 39
93256.8 -20497.4 39.05
92983.3 -20676.5 39.1
92709.4 -20856.1 39.15
92435.2 -21036.3 39.2
92160.6 -21217.1 39.25
91885.7 -21398.5 39.3
91610.4 -21580.4 39.35
91334.8 -21763 39.4
91058.8 -21946.1 39.45
90782.5 -22129.9 39.5
90505.8 -22314.2 39.55
90228.8 -22499.1 39.6
89951.4 -22684.7 39.65
89673.7 -22870.8 39.7
89395.6 -23057.5 39.75
89117.2 -23244.8 39.8
88838.4 -23432.7 39.85
88559.3 -23621.2 39.9
88279.8 -23810.3 39.95
88000 -24000 40
87719.8 -24190.3 40.05
87439.3 -24381.2 40.1
87158.4 -24572.7 40.15
86877.2 -24764.8 40.2
86595.6 -24957.5 40.25
86313.7 -25150.8 40.3
86031.4 -25344.7 40.35
85748.8 -25539.3 40.4
85465.8 -25734.4 40.45
85182.5 -25930.1 40.5
84898.8 -26126.5 40.55
84614.8 -26323.4 40.6
84330.4 -26521 40.65
84045.7 -26719.1 40.7
83760.6 -26917.9 40.75
83475.2 -27117.3 40.8
83189.4 -27317.3 40.85
82903.3 -27517.9 40.9
82616.8 -27719.2 40.95
82330 -27921 41
82042.8 -28123.5 41.05
81755.3 -28326.5 41.1
81467.4 -28530.2 41.15
81179.2 -28734.5 41.2
80890.6 -28939.5 41.25
80601.7 -29145 41.3
80312.4 -29351.2 41.35
80022.8 -29557.9 41.4
79732.8 -29765.3 41.45
79442.5 -29973.4 41.5
79151.8 -30182 41.55
78860.8 -30391.3 41.6
78569.4 -30601.2 41.65
78277.7 -30811.7 41.7
77985.6 -31022.9 41.75
77693.2 -31234.6 41.8
77400.4 -31447 41.85
77107.3 -31660.1 41.9
76813.8 -31873.7 41.95
76520 -32088 42
76225.8 -32302.9 42.05
75931.3 -32518.5 42.1
75636.4 -32734.6 42.15
75341.2 -32951.4 42.2
75045.6 -33168.9 42.25
74749.7 -33387 42.3
74453.4 -33605.7 42.35
74156.8 -33825 42.4
73859.8 -34045 42.45
73562.5 -34265.6 42.5
73264.8 -34486.9 42.55
72966.8 -34708.8 42.6
72668.4 -34931.3 42.65
72369.7 -35154.5 42.7
72070.6 -35378.3 42.75
71771.2 -35602.8 42.8
71471.4 -35827.8 42.85
71171.3 -36053.6 42.9
70870.8 -36280 42.95
70570 -36507 43
70268.8 -36734.7 43.05
69967.3 -36963 43.1
69665.4 -37192 43.15
69363.2 -37421.6 43.2
69060.6 -37651.8 43.25
68757.7 -37882.7 43.3
68454.4 -38114.3 43.35
68150.8 -38346.5 43.4
67846.8 -38579.4 43.45
67542.5 -38812.9 43.5
67237.8 -39047 43.55
66932.8 -39281.9 43.6
66627.4 -39517.3 43.65
66321.7 -39753.5 43.7
66015.6 -39990.2 43.75
65709.2 -40227.7 43.8
65402.4 -40465.8 43.85
65095.3 -40704.5 43.9
64787.8 -40943.9 43.95
64480 -41184 44
64171.8 -41424.7 44.05
63863.3 -41666.1 44.1
63554.4 -41908.2 44.15
63245.2 -42150.9 44.2
62935.6 -42394.3 44.25
62625.7 -42638.3 44.3
62315.4 -42883 44.35
62004.8 -43128.4 44.4
61693.8 -43374.4 44.45
61382.5 -43621.1 44.5
61070.8 -43868.5 44.55
60758.8 -44116.5 44.6
60446.4 -44365.2 44.65
60133.7 -44614.6 44.7
59820.6 -44864.7 44.75
59507.2 -45115.4 44.8
59193.4 -45366.8 44.85
58879.3 -45618.8 44.9
58564.8 -45871.6 44.95
58250 -46125 45
57934.8 -46379.1 45.05
57619.3 -46633.9 45.1
57303.4 -46889.3 45.15
56987.2 -47145.4 45.2
56670.6 -47402.2 45.25
56353.7 -47659.7 45.3
56036.4 -47917.8 45.35
55718.8 -48176.7 45.4
55400.8 -48436.2 45.45
55082.5 -48696.4 45.5
54763.8 -48957.3 45.55
54444.8 -49218.8 45.6
54125.4 -49481.1 45.65
53805.7 -49744 45.7
53485.6 -50007.6 45.75
53165.2 -50271.9 45.8
52844.4 -50536.9 45.85
52523.3 -50802.6 45.9
52201.8 -51068.9 45.95
51880 -51336 46
51557.8 -51603.7 46.05
51235.3 -51872.2 46.1
50912.4 -52141.3 46.15
50589.2 -52411.1 46.2
50265.6 -52681.6 46.25
49941.7 -52952.8 46.3
49617.4 -53224.7 46.35
49292.8 -53497.3 46.4
48967.8 -53770.6 46.45
48642.5 -54044.6 46.5
48316.8 -54319.3 46.55
47990.8 -54594.7 46.6
47664.4 -54870.8 46.65
47337.7 -55147.6 46.7
47010.6 -55425 46.75
46683.2 -55703.2 46.8
46355.4 -55982.1 46.85
46027.3 -56261.7 46.9
45698.8 -56542 46.95
45370 -56823 47
45040.8 -57104.7 47.05
44711.3 -57387.1 47.1
44381.4 -57670.2 47.15
44051.2 -57954 47.2
43720.6 -58238.6 47.25
43389.7 -58523.8 47.3
43058.4 -58809.8 47.35
42726.8 -59096.4 47.4
42394.8 -59383.8 47.45
42062.5 -59671.9 47.5
41729.8 -59960.7 47.55
41396.8 -60250.2 47.6
41063.4 -60540.4 47.65
40729.7 -60831.3 47.7
40395.6 -61123 47.75
40061.2 -61415.4 47.8
39726.4 -61708.4 47.85
39391.3 -62002.2 47.9
39055.8 -62296.8 47.95
38720 -62592 48
38383.8 -62888 48.05
38047.3 -63184.6 48.1
37710.4 -63482 48.15
37373.2 -63780.2 48.2
37035.6 -64079 48.25
36697.7 -64378.6 48.3
36359.4 -64678.9 48.35
36020.8 -64979.9 48.4
35681.8 -65281.7 48.45
35342.5 -65584.1 48.5
35002.8 -65887.3 48.55
34662.8 -66191.3 48.6
34322.4 -66495.9 48.65
33981.7 -66801.3 48.7
33640.6 -67107.4 48.75
33299.2 -67414.3 48.8
32957.4 -67721.9 48.85
32615.3 -68030.2 48.9
32272.8 -68339.2 48.95
31930 -68649 49
31586.8 -68959.5 49.05
31243.3 -69270.8 49.1
30899.4 -69582.8 49.15
30555.2 -69895.5 49.2
30210.6 -70209 49.25
29865.7 -70523.2 49.3
29520.4 -70838.1 49.35
29174.8 -71153.8 49.4
28828.8 -71470.2 49.45
28482.5 -71787.4 49.5
28135.8 -72105.3 49.55
27788.8 -72423.9 49.6
27441.4 -72743.3 49.65
27093.7 -73063.5 49.7
26745.6 -73384.4 49.75
26397.2 -73706 49.8
26048.4 -74028.4 49.85
25699.3 -74351.5 49.9
25349.8 -74675.4 49.95
25000 -75000 50
24649.8 -75325.4 50.05
24299.3 -75651.5 50.1
23948.4 -75978.4 50.15
23597.2 -76306 50.2
23245.6 -76634.4 50.25
22893.7 -76963.5 50.3
22541.4 -77293.4 50.35
22188.8 -77624.1 50.4
21835.8 -77955.5 50.45
21482.5 -78287.6 50.5
21128.8 -78620.5 50.55
20774.8 -78954.2 50.6
20420.4 -79288.6 50.65
20065.7 -79623.8 50.7
19710.6 -79959.8 50.75
19355.2 -80296.5 50.8
18999.4 -80634 50.85
18643.3 -80972.2 50.9
18286.8 -81311.2 50.95
17930 -81651 51
17572.8 -81991.5 51.05
17215.3 -82332.8 51.1
16857.4 -82674.9 51.15
16499.2 -83017.7 51.2
16140.6 -83361.3 51.25
15781.7 -83705.7 51.3
15422.4 -84050.8 51.35
15062.8 -84396.7 51.4
14702.8 -84743.4 51.45
14342.5 -85090.9 51.5
13981.8 -85439.1 51.55
13620.8 -85788.1 51.6
13259.4 -86137.9 51.65
12897.7 -86488.4 51.7
12535.6 -86839.7 51.75
12173.2 -87191.8 51.8
11810.4 -87544.7 51.85
11447.3 -87898.4 51.9
11083.8 -88252.8 51.95
10720 -88608 52
10355.8 -88964 52.05
9991.3 -89320.8 52.1
9626.43 -89678.3 52.15
9261.2 -90036.6 52.2
8895.62 -90395.8 52.25
8529.7 -90755.7 52.3
8163.43 -91116.4 52.35
7796.8 -91477.8 52.4
7429.83 -91840.1 52.45
7062.5 -92203.1 52.5
6694.83 -92567 52.55
6326.8 -92931.6 52.6
5958.43 -93297 52.65
5589.7 -93663.2 52.7
5220.62 -94030.2 52.75
4851.2 -94398 52.8
4481.43 -94766.5 52.85
4111.3 -95135.9 52.9
3740.83 -95506 52.95
3370 -95877 53
2998.83 -96248.7 53.05
2627.3 -96621.3 53.1
2255.43 -96994.6 53.15
1883.2 -97368.8 53.2
1510.62 -97743.7 53.25
1137.7 -98119.4 53.3
764.425 -98496 53.35
390.8 -98873.3 53.4
16.825 -99251.4 53.45
-357.5 -99630.4 53.5
-732.175 -100010 53.55
-1107.2 -100391 53.6
-1482.57 -100772 53.65
-1858.3 -101154 53.7
-2234.38 -101537 53.75
-2610.8 -101921 53.8
-2987.57 -102305 53.85
-3364.7 -102691 53.9
-3742.17 -103077 53.95
-4120 -103464 54
-4498.17 -103852 54.05
-4876.7 -104240 54.1
-5255.57 -104630 54.15
-5634.8 -105020 54.2
-6014.38 -105411 54.25
-6394.3 -105803 54.3
-6774.58 -106196 54.35
-7155.2 -106589 54.4
-7536.17 -106983 54.45
-7917.5 -107379 54.5
-8299.17 -107775 54.55
-8681.2 -108171 54.6
-9063.57 -108569 54.65
-9446.3 -108967 54.7
-9829.38 -109367 54.75
-10212.8 -109767 54.8
-10596.6 -110167 54.85
-10980.7 -110569 54.9
-11365.2 -110972 54.95
-11750 -111375 55
-12135.2 -111779 55.05
-12520.7 -112184 55.1
-12906.6 -112590 55.15
-13292.8 -112997 55.2
-13679.4 -113404 55.25
-14066.3 -113812 55.3
-14453.6 -114222 55.35
-14841.2 -114631 55.4
-15229.2 -115042 55.45
-15617.5 -115454 55.5
-16006.2 -115866 55.55
-16395.2 -116280 55.6
-16784.6 -116694 55.65
-17174.3 -117109 55.7
-17564.4 -117524 55.75
-17954.8 -117941 55.8
-18345.6 -118359 55.85
-18736.7 -118777 55.9
-19128.2 -119196 55.95
-19520 -119616 56
-19912.2 -120037 56.05
-20304.7 -120458 56.1
-20697.6 -120881 56.15
-21090.8 -121304 56.2
-21484.4 -121729 56.25
-21878.3 -122154 56.3
-22272.6 -122579 56.35
-22667.2 -123006 56.4
-23062.2 -123434 56.45
-23457.5 -123862 56.5
-23853.2 -124291 56.55
-24249.2 -124721 56.6
-24645.6 -125152 56.65
-25042.3 -125584 56.7
-25439.4 -126017 56.75
-25836.8 -126450 56.8
-26234.6 -126885 56.85
-26632.7 -127320 56.9
-27031.2 -127756 56.95
-27430 -128193 57
-27829.2 -128631 57.05
-28228.7 -129069 57.1
-28628.6 -129509 57.15
-29028.8 -129949 57.2
-29429.4 -130390 57.25
-29830.3 -130833 57.3
-30231.6 -131275 57.35
-30633.2 -131719 57.4
-31035.2 -132164 57.45
-31437.5 -132609 57.5
-31840.2 -133056 57.55
-32243.2 -133503 57.6
-32646.6 -133951 57.65
-33050.3 -134400 57.7
-33454.4 -134850 57.75
-33858.8 -135301 57.8
-34263.6 -135752 57.85
-34668.7 -136205 57.9
-35074.2 -136658 57.95
-35480 -137112 58
-35886.2 -137567 58.05
-36292.7 -138023 58.1
-36699.6 -138480 58.15
-37106.8 -138937 58.2
-37514.4 -139396 58.25
-37922.3 -139855 58.3
-38330.6 -140316 58.35
-38739.2 -140777 58.4
-39148.2 -141239 58.45
-39557.5 -141702 58.5
-39967.2 -142165 58.55
-40377.2 -142630 58.6
-40787.6 -143096 58.65
-41198.3 -143562 58.7
-41609.4 -144029 58.75
-42020.8 -144497 58.8
-42432.6 -144967 58.85
-42844.7 -145436 58.9
-43257.2 -145907 58.95
-43670 -146379 59
-44083.2 -146852 59.05
-44496.7 -147325 59.1
-44910.6 -147799 59.15
-45324.8 -148275 59.2
-45739.4 -148751 59.25
-46154.3 -149228 59.3
-46569.6 -149706 59.35
-46985.2 -150185 59.4
-47401.2 -150664 59.45
-47817.5 -151145 59.5
-48234.2 -151626 59.55
-48651.2 -152109 59.6
-49068.6 -152592 59.65
-49486.3 -153076 59.7
-49904.4 -153561 59.75
-50322.8 -154047 59.8
-50741.6 -154534 59.85
-51160.7 -155022 59.9
-51580.2 -155510 59.95
-52000 -156000 60
-52420.2 -156490 60.05
-52840.7 -156982 60.1
-53261.6 -157474 60.15
-53682.8 -157967 60.2
-54104.4 -158461 60.25
-54526.3 -158956 60.3
-54948.6 -159452 60.35
-55371.2 -159949 60.4
-55794.2 -160447 60.45
-56217.5 -160945 60.5
-56641.2 -161445 60.55
-57065.2 -161945 60.6
-57489.6 -162446 60.65
-57914.3 -162949 60.7
-58339.4 -163452 60.75
-58764.8 -163956 60.8
-59190.6 -164461 60.85
-59616.7 -164967 60.9
-60043.2 -165473 60.95
-60470 -165981 61
-60897.2 -166490 61.05
-61324.7 -166999 61.1
-61752.6 -167510 61.15
-62180.8 -168021 61.2
-62609.4 -168533 61.25
-63038.3 -169046 61.3
-63467.6 -169561 61.35
-63897.2 -170076 61.4
-64327.2 -170591 61.45
-64757.5 -171108 61.5
-65188.2 -171626 61.55
-65619.2 -172145 61.6
-66050.6 -172665 61.65
-66482.3 -173185 61.7
-66914.4 -173707 61.75
-67346.8 -174229 61.8
-67779.6 -174752 61.85
-68212.7 -175277 61.9
-68646.2 -175802 61.95
-69080 -176328 62
-69514.2 -176855 62.05
-69948.7 -177383 62.1
-70383.6 -177912 62.15
-70818.8 -178442 62.2
-71254.4 -178973 62.25
-71690.3 -179504 62.3
-72126.6 -180037 62.35
-72563.2 -180571 62.4
-73000.2 -181105 62.45
-73437.5 -181641 62.5
-73875.2 -182177 62.55
-74313.2 -182714 62.6
-74751.6 -183253 62.65
-75190.3 -183792 62.7
-75629.4 -184332 62.75
-76068.8 -184873 62.8
-76508.6 -185415 62.85
-76948.7 -185958 62.9
-77389.2 -186502 62.95
-77830 -187047 63
-78271.2 -187593 63.05
-78712.7 -188140 63.1
-79154.6 -188687 63.15
-79596.8 -189236 63.2
-80039.4 -189786 63.25
-80482.3 -190336 63.3
-80925.6 -190888 63.35
-81369.2 -191440 63.4
-81813.2 -191994 63.45
-82257.5 -192548 63.5
-82702.2 -193103 63.55
-83147.2 -193659 63.6
-83592.6 -194217 63.65
-84038.3 -194775 63.7
-84484.4 -195334 63.75
-84930.8 -195894 63.8
-85377.6 -196455 63.85
-85824.7 -197017 63.9
-86272.2 -197580 63.95
-86720 -198144 64
-87168.2 -198709 64.05
-87616.7 -199275 64.1
-88065.6 -199842 64.15
-88514.8 -200409 64.2
-88964.4 -200978 64.25
-89414.3 -201548 64.3
-89864.6 -202118 64.35
-90315.2 -202690 64.4
-90766.2 -203263 64.45
-91217.5 -203836 64.5
-91669.2 -204411 64.55
-92121.2 -204986 64.6
-92573.6 -205563 64.65
-93026.3 -206140 64.7
-93479.4 -206718 64.75
-93932.8 -207298 64.8
-94386.6 -207878 64.85
-94840.7 -208459 64.9
-95295.2 -209042 64.95
-95750 -209625 65
-96205.2 -210209 65.05
-96660.7 -210794 65.1
-97116.6 -211381 65.15
-97572.8 -211968 65.2
-98029.4 -212556 65.25
-98486.3 -213145 65.3
-98943.6 -213735 65.35
-99401.2 -214326 65.4
-99859.2 -214918 65.45
-100318 -215511 65.5
-100776 -216105 65.55
-101235 -216700 65.6
-101695 -217296 65.65
-102154 -217893 65.7
-102614 -218491 65.75
-103075 -219090 65.8
-103536 -219690 65.85
-103997 -220291 65.9
-104458 -220893 65.95
-104920 -221496 66
-105382 -222100 66.05
-105845 -222705 66.1
-106308 -223311 66.15
-106771 -223918 66.2
-107234 -224525 66.25
-107698 -225134 66.3
-108163 -225744 66.35
-108627 -226355 66.4
-109092 -226967 66.45
-109558 -227580 66.5
-110023 -228193 66.55
-110489 -228808 66.6
-110956 -229424 66.65
-111422 -230041 66.7
-111889 -230659 66.75
-112357 -231278 66.8
-112825 -231897 66.85
-113293 -232518 66.9
-113761 -233140 66.95
-114230 -233763 67
-114699 -234387 67.05
-115169 -235012 67.1
-115639 -235638 67.15
-116109 -236264 67.2
-116579 -236892 67.25
-117050 -237521 67.3
-117522 -238151 67.35
-117993 -238782 67.4
-118465 -239414 67.45
-118938 -240047 67.5
-119410 -240681 67.55
-119883 -241316 67.6
-120357 -241952 67.65
-120830 -242589 67.7
-121304 -243227 67.75
-121779 -243866 67.8
-122254 -244506 67.85
-122729 -245147 67.9
-123204 -245789 67.95
-123680 -246432 68
-124156 -247076 68.05
-124633 -247721 68.1
-125110 -248367 68.15
-125587 -249015 68.2
-126064 -249663 68.25
-126542 -250312 68.3
-127021 -250962 68.35
-127499 -251614 68.4
-127978 -252266 68.45
-128458 -252919 68.5
-128937 -253573 68.55
-129417 -254229 68.6
-129898 -254885 68.65
-130378 -255543 68.7
-130859 -256201 68.75
-131341 -256861 68.8
-131823 -257521 68.85
-132305 -258183 68.9
-132787 -258845 68.95
-133270 -259509 69
-133753 -260174 69.05
-134237 -260839 69.1
-134721 -261506 69.15
-135205 -262174 69.2
-135689 -262843 69.25
-136174 -263513 69.3
-136660 -264183 69.35
-137145 -264855 69.4
-137631 -265528 69.45
-138118 -266202 69.5
-138604 -266877 69.55
-139091 -267554 69.6
-139579 -268231 69.65
-140066 -268909 69.7
-140554 -269588 69.75
-141043 -270268 69.8
-141532 -270950 69.85
-142021 -271632 69.9
-142510 -272316 69.95
-143000 -273000 70
-143490 -273686 70.05
-143981 -274372 70.1
-144472 -275060 70.15
-144963 -275748 70.2
-145454 -276438 70.25
-145946 -277129 70.3
-146439 -277821 70.35
-146931 -278514 70.4
-147424 -279208 70.45
-147918 -279903 70.5
-148411 -280599 70.55
-148905 -281296 70.6
-149400 -281994 70.65
-149894 -282693 70.7
-150389 -283394 70.75
-150885 -284095 70.8
-151381 -284797 70.85
-151877 -285501 70.9
-152373 -286205 70.95
-152870 -286911 71
-153367 -287618 71.05
-153865 -288325 71.1
-154363 -289034 71.15
-154861 -289744 71.2
-155359 -290455 71.25
-155858 -291167 71.3
-156358 -291880 71.35
-156857 -292594 71.4
-157357 -293310 71.45
-157858 -294026 71.5
-158358 -294743 71.55
-158859 -295462 71.6
-159361 -296181 71.65
-159862 -296902 71.7
-160364 -297623 71.75
-160867 -298346 71.8
-161370 -299070 71.85
-161873 -299795 71.9
-162376 -300521 71.95
-162880 -301248 72
-163384 -301976 72.05
-163889 -302705 72.1
-164394 -303436 72.15
-164899 -304167 72.2
-165404 -304900 72.25
-165910 -305633 72.3
-166417 -306368 72.35
-166923 -307103 72.4
-167430 -307840 72.45
-167938 -308578 72.5
-168445 -309317 72.55
-168953 -310057 72.6
-169462 -310798 72.65
-169970 -311541 72.7
-170479 -312284 72.75
-170989 -313028 72.8
-171499 -313774 72.85
-172009 -314520 72.9
-172519 -315268 72.95
-173030 -316017 73
-173541 -316767 73.05
-174053 -317518 73.1
-174565 -318270 73.15
-175077 -319023 73.2
-175589 -319777 73.25
-176102 -320533 73.3
-176616 -321289 73.35
-177129 -322047 73.4
-177643 -322806 73.45
-178158 -323565 73.5
-178672 -324326 73.55
-179187 -325088 73.6
-179703 -325851 73.65
-180218 -326616 73.7
-180734 -327381 73.75
-181251 -328147 73.8
-181768 -328915 73.85
-182285 -329683 73.9
-182802 -330453 73.95
-183320 -331224 74
-183838 -331996 74.05
-184357 -332769 74.1
-184876 -333543 74.15
-185395 -334318 74.2
-185914 -335095 74.25
-186434 -335872 74.3
-186955 -336651 74.35
-187475 -337431 74.4
-187996 -338212 74.45
-188518 -338994 74.5
-189039 -339777 74.55
-189561 -340561 74.6
-190084 -341346 74.65
-190606 -342133 74.7
-191129 -342920 74.75
-191653 -343709 74.8
-192177 -344499 74.85
-192701 -345290 74.9
-193225 -346082 74.95
-193750 -346875 75
-194275 -347669 75.05
-194801 -348465 75.1
-195327 -349261 75.15
-195853 -350059 75.2
-196379 -350858 75.25
-196906 -351658 75.3
-197434 -352459 75.35
-197961 -353261 75.4
-198489 -354064 75.45
-199018 -354869 75.5
-199546 -355674 75.55
-200075 -356481 75.6
-200605 -357289 75.65
-201134 -358098 75.7
-201664 -358908 75.75
-202195 -359720 75.8
-202726 -360532 75.85
-203257 -361345 75.9
-203788 -362160 75.95
-204320 -362976 76
-204852 -363793 76.05
-205385 -364611 76.1
-205918 -365430 76.15
-206451 -366251 76.2
-206984 -367072 76.25
-207518 -367895 76.3
-208053 -368719 76.35
-208587 -369544 76.4
-209122 -370370 76.45
-209658 -371197 76.5
-210193 -372026 76.55
-210729 -372855 76.6
-211266 -373686 76.65
-211802 -374518 76.7
-212339 -375351 76.75
-212877 -376185 76.8
-213415 -377020 76.85
-213953 -377857 76.9
-214491 -378694 76.95
-215030 -379533 77
-215569 -380373 77.05
-216109 -381214 77.1
-216649 -382056 77.15
-217189 -382900 77.2
-217729 -383744 77.25
-218270 -384590 77.3
-218812 -385437 77.35
-219353 -386285 77.4
-219895 -387134 77.45
-220438 -387984 77.5
-220980 -388836 77.55
-221523 -389689 77.6
-222067 -390542 77.65
-222610 -391397 77.7
-223154 -392254 77.75
-223699 -393111 77.8
-224244 -393969 77.85
-224789 -394829 77.9
-225334 -395690 77.95
-225880 -396552 78
-226426 -397415 78.05
-226973 -398280 78.1
-227520 -399145 78.15
-228067 -400012 78.2
-228614 -400880 78.25
-229162 -401749 78.3
-229711 -402619 78.35
-230259 -403490 78.4
-230808 -404363 78.45
-231358 -405237 78.5
-231907 -406112 78.55
-232457 -406988 78.6
-233008 -407865 78.65
-233558 -408743 78.7
-234109 -409623 78.75
-234661 -410504 78.8
-235213 -411386 78.85
-235765 -412269 78.9
-236317 -413153 78.95
-236870 -414039 79
-237423 -414926 79.05
-237977 -415814 79.1
-238531 -416703 79.15
-239085 -417593 79.2
-239639 -418485 79.25
-240194 -419377 79.3
-240750 -420271 79.35
-241305 -421166 79.4
-241861 -422062 79.45
-242418 -422960 79.5
-242974 -423859 79.55
-243531 -424758 79.6
-244089 -425659 79.65
-244646 -426562 79.7
-245204 -427465 79.75
-245763 -428370 79.8
-246322 -429275 79.85
-246881 -430182 79.9
-247440 -431091 79.95
-248000 -432000 80
-248560 -432911 80.05
-249121 -433822 80.1
-249682 -434735 80.15
-250243 -435650 80.2
-250804 -436565 80.25
-251366 -437482 80.3
-251929 -438399 80.35
-252491 -439318 80.4
-253054 -440239 80.45
-253618 -441160 80.5
-254181 -442083 80.55
-254745 -443007 80.6
-255310 -443932 80.65
-255874 -444858 80.7
-256439 -445785 80.75
-257005 -446714 80.8
-257571 -447644 80.85
-258137 -448575 80.9
-258703 -449507 80.95
-259270 -450441 81
-259837 -451376 81.05
-260405 -452312 81.1
-260973 -453249 81.15
-261541 -454187 81.2
-262109 -455127 81.25
-262678 -456068 81.3
-263248 -457010 81.35
-263817 -457953 81.4
-264387 -458898 81.45
-264958 -459843 81.5
-265528 -460790 81.55
-266099 -461738 81.6
-266671 -462688 81.65
-267242 -463639 81.7
-267814 -464590 81.75
-268387 -465543 81.8
-268960 -466498 81.85
-269533 -467453 81.9
-270106 -468410 81.95
-270680 -469368 82
-271254 -470327 82.05
-271829 -471288 82.1
-272404 -472249 82.15
-272979 -473212 82.2
-273554 -474176 82.25
-274130 -475142 82.3
-274707 -476108 82.35
-275283 -477076 82.4
-275860 -478045 82.45
-276438 -479016 82.5
-277015 -479987 82.55
-277593 -480960 82.6
-278172 -481934 82.65
-278750 -482909 82.7
-279329 -483886 82.75
-279909 -484864 82.8
-280489 -485843 82.85
-281069 -486823 82.9
-281649 -487804 82.95
-282230 -488787 83
-282811 -489771 83.05
-283393 -490756 83.1
-283975 -491743 83.15
-284557 -492730 83.2
-285139 -493719 83.25
-285722 -494710 83.3
-286306 -495701 83.35
-286889 -496694 83.4
-287473 -497688 83.45
-288058 -498683 83.5
-288642 -499679 83.55
-289227 -500677 83.6
-289813 -501676 83.65
-290398 -502676 83.7
-290984 -503678 83.75
-291571 -504680 83.8
-292158 -505684 83.85
-292745 -506690 83.9
-293332 -507696 83.95
-293920 -508704 84
-294508 -509713 84.05
-295097 -510723 84.1
-295686 -511735 84.15
-296275 -512748 84.2
-296864 -513762 84.25
-297454 -514777 84.3
-298045 -515794 84.35
-298635 -516812 84.4
-299226 -517831 84.45
-299818 -518851 84.5
-300409 -519873 84.55
-301001 -520896 84.6
-301594 -521920 84.65
-302186 -522945 84.7
-302779 -523972 84.75
-303373 -525000 84.8
-303967 -526029 84.85
-304561 -527060 84.9
-305155 -528092 84.95
-305750 -529125 85
-306345 -530159 85.05
-306941 -531195 85.1
-307537 -532232 85.15
-308133 -533270 85.2
-308729 -534310 85.25
-309326 -535350 85.3
-309924 -536393 85.35
-310521 -537436 85.4
-311119 -538480 85.45
-311718 -539526 85.5
-312316 -540574 85.55
-312915 -541622 85.6
-313515 -542672 85.65
-314114 -543723 85.7
-314714 -544775 85.75
-315315 -545829 85.8
-315916 -546884 85.85
-316517 -547940 85.9
-317118 -548997 85.95
-317720 -550056 86
-318322 -551116 86.05
-318925 -552177 86.1
-319528 -553240 86.15
-320131 -554304 86.2
-320734 -555369 86.25
-321338 -556436 86.3
-321943 -557503 86.35
-322547 -558573 86.4
-323152 -559643 86.45
-323758 -560715 86.5
-324363 -561788 86.55
-324969 -562862 86.6
-325576 -563937 86.65
-326182 -565014 86.7
-326789 -566093 86.75
-327397 -567172 86.8
-328005 -568253 86.85
-328613 -569335 86.9
-329221 -570418 86.95
-329830 -571503 87
-330439 -572589 87.05
-331049 -573676 87.1
-331659 -574765 87.15
-332269 -575855 87.2
-332879 -576946 87.25
-333490 -578039 87.3
-334102 -579132 87.35
-334713 -580228 87.4
-335325 -581324 87.45
-335938 -582422 87.5
-336550 -583521 87.55
-337163 -584621 87.6
-337777 -585723 87.65
-338390 -586826 87.7
-339004 -587930 87.75
-339619 -589036 87.8
-340234 -590143 87.85
-340849 -591251 87.9
-341464 -592361 87.95
-342080 -593472 88
-342696 -594584 88.05
-343313 -595698 88.1
-343930 -596813 88.15
-344547 -597929 88.2
-345164 -599047 88.25
-345782 -600165 88.3
-346401 -601286 88.35
-347019 -602407 88.4
-347638 -603530 88.45
-348258 -604654 88.5
-348877 -605780 88.55
-349497 -606906 88.6
-350118 -608035 88.65
-350738 -609164 88.7
-351359 -610295 88.75
-351981 -611427 88.8
-352603 -612561 88.85
-353225 -613695 88.9
-353847 -614832 88.95
-354470 -615969 89
-355093 -617108 89.05
-355717 -618248 89.1
-356341 -619389 89.15
-356965 -620532 89.2
-357589 -621676 89.25
-358214 -622822 89.3
-358840 -623969 89.35
-359465 -625117 89.4
-360091 -626267 89.45
-360718 -627417 89.5
-361344 -628570 89.55
-361971 -629723 89.6
-362599 -630878 89.65
-363226 -632034 89.7
-363854 -633192 89.75
-364483 -634351 89.8
-365112 -635511 89.85
-365741 -636673 89.9
-366370 -637836 89.95
-367000 -639000 90
-367630 -640166 90.05
-368261 -641333 90.1
-368892 -642501 90.15
-369523 -643671 90.2
-370154 -644842 90.25
-370786 -646014 90.3
-371419 -647188 90.35
-372051 -648363 90.4
-372684 -649540 90.45
-373318 -650718 90.5
-373951 -651897 90.55
-374585 -653077 90.6
-375220 -654259 90.65
-375854 -655443 90.7
-376489 -656627 90.75
-377125 -657813 90.8
-377761 -659001 90.85
-378397 -660189 90.9
-379033 -661380 90.95
-379670 -662571 91
-380307 -663764 91.05
-380945 -664958 91.1
-381583 -666154 91.15
-382221 -667351 91.2
-382859 -668549 91.25
-383498 -669748 91.3
-384138 -670950 91.35
-384777 -672152 91.4
-385417 -673356 91.45
-386058 -674561 91.5
-386698 -675767 91.55
-387339 -676975 91.6
-387981 -678185 91.65
-388622 -679395 91.7
-389264 -680607 91.75
-389907 -681821 91.8
-390550 -683035 91.85
-391193 -684252 91.9
-391836 -685469 91.95
-392480 -686688 92
-393124 -687908 92.05
-393769 -689130 92.1
-394414 -690353 92.15
-395059 -691577 92.2
-395704 -692803 92.25
-396350 -694030 92.3
-396997 -695259 92.35
-397643 -696489 92.4
-398290 -697720 92.45
-398938 -698953 92.5
-399585 -700187 92.55
-400233 -701423 92.6
-400882 -702660 92.65
-401530 -703898 92.7
-402179 -705138 92.75
-402829 -706379 92.8
-403479 -707621 92.85
-404129 -708865 92.9
-404779 -710110 92.95
-405430 -711357 93
-406081 -712605 93.05
-406733 -713854 93.1
-407385 -715105 93.15
-408037 -716358 93.2
-408689 -717611 93.25
-409342 -718866 93.3
-409996 -720123 93.35
-410649 -721381 93.4
-411303 -722640 93.45
-411958 -723900 93.5
-412612 -725162 93.55
-413267 -726426 93.6
-413923 -727691 93.65
-414578 -728957 93.7
-415234 -730225 93.75
-415891 -731494 93.8
-416548 -732764 93.85
-417205 -734036 93.9
-417862 -735309 93.95
-418520 -736584 94
-419178 -737860 94.05
-419837 -739138 94.1
-420496 -740417 94.15
-421155 -741697 94.2
-421814 -742979 94.25
-422474 -744262 94.3
-423135 -745546 94.35
-423795 -746832 94.4
-424456 -748120 94.45
-425118 -749409 94.5
-425779 -750699 94.55
-426441 -751991 94.6
-427104 -753284 94.65
-427766 -754578 94.7
-428429 -755874 94.75
-429093 -757171 94.8
-429757 -758470 94.85
-430421 -759770 94.9
-431085 -761072 94.95
-431750 -762375 95
-432415 -763679 95.05
-433081 -764985 95.1
-433747 -766293 95.15
-434413 -767601 95.2
-435079 -768912 95.25
-435746 -770223 95.3
-436414 -771536 95.35
-437081 -772851 95.4
-437749 -774167 95.45
-438418 -775484 95.5
-439086 -776803 95.55
-439755 -778123 95.6
-440425 -779444 95.65
-441094 -780767 95.7
-441764 -782092 95.75
-442435 -783418 95.8
-443106 -784745 95.85
-443777 -786074 95.9
-444448 -787404 95.95
-445120 -788736 96
-445792 -790069 96.05
-446465 -791404 96.1
-447138 -792740 96.15
-447811 -794077 96.2
-448484 -795416 96.25
-449158 -796756 96.3
-449833 -798098 96.35
-450507 -799441 96.4
-451182 -800786 96.45
-451858 -802132 96.5
-452533 -803480 96.55
-453209 -804829 96.6
-453886 -806179 96.65
-454562 -807531 96.7
-455239 -808884 96.75
-455917 -810239 96.8
-456595 -811595 96.85
-457273 -812953 96.9
-457951 -814312 96.95
-458630 -815673 97
-459309 -817035 97.05
-459989 -818399 97.1
-460669 -819764 97.15
-461349 -821130 97.2
-462029 -822498 97.25
-462710 -823867 97.3
-463392 -825238 97.35
-464073 -826610 97.4
-464755 -827984 97.45
-465438 -829359 97.5
-466120 -830736 97.55
-466803 -832114 97.6
-467487 -833494 97.65
-468170 -834875 97.7
-468854 -836257 97.75
-469539 -837641 97.8
-470224 -839027 97.85
-470909 -840414 97.9
-471594 -841802 97.95
-472280 -843192 98
-472966 -844583 98.05
-473653 -845976 98.1
-474340 -847370 98.15
-475027 -848766 98.2
-475714 -850163 98.25
-476402 -851562 98.3
-477091 -852962 98.35
-477779 -854364 98.4
-478468 -855767 98.45
-479158 -857172 98.5
-479847 -858578 98.55
-480537 -859985 98.6
-481228 -861394 98.65
-481918 -862805 98.7
-482609 -864217 98.75
-483301 -865630 98.8
-483993 -867045 98.85
-484685 -868462 98.9
-485377 -869880 98.95
-486070 -871299 99
-486763 -872720 99.05
-487457 -874142 99.1
-488151 -875566 99.15
-488845 -876991 99.2
-489539 -878418 99.25
-490234 -879847 99.3
-490930 -881276 99.35
-491625 -882708 99.4
-492321 -884141 99.45
-493018 -885575 99.5
-493714 -887011 99.55
-494411 -888448 99.6
-495109 -889887 99.65
-495806 -891327 99.7
-496504 -892769 99.75
-497203 -894212 99.8
-497902 -895657 99.85
-498601 -897103 99.9
-499300 -898551 99.95
-500000 -900000 100
