-13.9996 -1999.92
-13.9996 -1981.59
-13.9996 -1963.42
-13.9996 -1945.41
-13.9996 -1927.58
-13.9996 -1909.9
-13.9995 -1892.39
-13.9995 -1875.04
-13.9995 -1857.85
-13.9995 -1840.81
-13.9995 -1823.94
-13.9995 -1807.21
-13.9995 -1790.64
-13.9995 -1774.22
-13.9995 -1757.96
-13.9995 -1741.84
-13.9995 -1725.87
-13.9994 -1710.04
-13.9994 -1694.36
-13.9994 -1678.83
-13.9994 -1663.43
-13.9994 -1648.18
-13.9994 -1633.07
-13.9994 -1618.1
-13.9994 -1603.26
-13.9994 -1588.56
-13.9993 -1573.99
-13.9993 -1559.56
-13.9993 -1545.26
-13.9993 -1531.09
-13.9993 -1517.05
-13.9993 -1503.14
-13.9993 -1489.36
-13.9993 -1475.7
-13.9992 -1462.17
-13.9992 -1448.76
-13.9992 -1435.48
-13.9992 -1422.32
-13.9992 -1409.28
-13.9992 -1396.35
-13.9992 -1383.55
-13.9991 -1370.86
-13.9991 -1358.29
-13.9991 -1345.84
-13.9991 -1333.5
-13.9991 -1321.27
-13.9991 -1309.15
-13.999 -1297.15
-13.999 -1285.25
-13.999 -1273.47
-13.999 -1261.79
-13.999 -1250.22
-13.9989 -1238.76
-13.9989 -1227.4
-13.9989 -1216.14
-13.9989 -1204.99
-13.9989 -1193.94
-13.9988 -1182.99
-13.9988 -1172.14
-13.9988 -1161.39
-13.9988 -1150.74
-13.9988 -1140.19
-13.9987 -1129.74
-13.9987 -1119.38
-13.9987 -1109.11
-13.9987 -1098.94
-13.9986 -1088.86
-13.9986 -1078.88
-13.9986 -1068.98
-13.9986 -1059.18
-13.9985 -1049.47
-13.9985 -1039.84
-13.9985 -1030.31
-13.9984 -1020.86
-13.9984 -1011.5
-13.9984 -1002.22
-13.9984 -993.028
-13.9983 -983.921
-13.9983 -974.897
-13.9983 -965.956
-13.9982 -957.097
-13.9982 -948.32
-13.9982 -939.622
-13.9981 -931.005
-13.9981 -922.466
-13.9981 -914.006
-13.998 -905.623
-13.998 -897.317
-13.9979 -889.087
-13.9979 -880.933
-13.9979 -872.853
-13.9978 -864.847
-13.9978 -856.915
-13.9977 -849.055
-13.9977 -841.268
-13.9977 -833.552
-13.9976 -825.906
-13.9976 -818.331
-13.9975 -810.825
-13.9975 -803.388
-13.9974 -796.018
-13.9974 -788.717
-13.9973 -781.482
-13.9973 -774.314
-13.9972 -767.211
-13.9972 -760.174
-13.9971 -753.201
-13.9971 -746.291
-13.997 -739.445
-13.997 -732.662
-13.9969 -725.941
-13.9969 -719.282
-13.9968 -712.683
-13.9967 -706.146
-13.9967 -699.667
-13.9966 -693.249
-13.9966 -686.889
-13.9965 -680.587
-13.9964 -674.343
-13.9964 -668.157
-13.9963 -662.027
-13.9962 -655.953
-13.9962 -649.935
-13.9961 -643.972
-13.996 -638.063
-13.9959 -632.209
-13.9959 -626.408
-13.9958 -620.661
-13.9957 -614.966
-13.9956 -609.323
-13.9955 -603.732
-13.9955 -598.192
-13.9954 -592.703
-13.9953 -587.264
-13.9952 -581.876
-13.9951 -576.536
-13.995 -571.245
-13.9949 -566.003
-13.9948 -560.809
-13.9947 -555.662
-13.9946 -550.563
-13.9946 -545.51
-13.9944 -540.503
-13.9943 -535.543
-13.9942 -530.627
-13.9941 -525.757
-13.994 -520.932
-13.9939 -516.15
-13.9938 -511.412
-13.9937 -506.718
-13.9936 -502.067
-13.9934 -497.458
-13.9933 -492.892
-13.9932 -488.367
-13.9931 -483.884
-13.9929 -479.442
-13.9928 -475.04
-13.9927 -470.679
-13.9925 -466.358
-13.9924 -462.076
-13.9923 -457.833
-13.9921 -453.63
-13.992 -449.464
-13.9918 -445.337
-13.9917 -441.248
-13.9915 -437.196
-13.9914 -433.181
-13.9912 -429.203
-13.991 -425.262
-13.9909 -421.356
-13.9907 -417.486
-13.9905 -413.652
-13.9904 -409.852
-13.9902 -406.088
-13.99 -402.358
-13.9898 -398.662
-13.9896 -395
-13.9894 -391.371
-13.9892 -387.776
-13.989 -384.213
-13.9888 -380.683
-13.9886 -377.185
-13.9884 -373.72
-13.9882 -370.286
-13.988 -366.883
-13.9877 -363.512
-13.9875 -360.171
-13.9873 -356.861
-13.9871 -353.582
-13.9868 -350.332
-13.9866 -347.112
-13.9863 -343.921
-13.9861 -340.76
-13.9858 -337.627
-13.9855 -334.523
-13.9853 -331.448
-13.985 -328.4
-13.9847 -325.381
-13.9844 -322.389
-13.9841 -319.424
-13.9839 -316.487
-13.9836 -313.576
-13.9832 -310.692
-13.9829 -307.835
-13.9826 -305.003
-13.9823 -302.198
-13.982 -299.417
-13.9816 -296.663
-13.9813 -293.933
-13.9809 -291.229
-13.9806 -288.549
-13.9802 -285.894
-13.9799 -283.263
-13.9795 -280.655
-13.9791 -278.072
-13.9787 -275.513
-13.9783 -272.976
-13.9779 -270.463
-13.9775 -267.973
-13.9771 -265.505
-13.9767 -263.061
-13.9762 -260.638
-13.9758 -258.237
-13.9753 -255.859
-13.9749 -253.502
-13.9744 -251.167
-13.9739 -248.852
-13.9735 -246.559
-13.973 -244.287
-13.9725 -242.036
-13.972 -239.805
-13.9714 -237.595
-13.9709 -235.405
-13.9704 -233.234
-13.9698 -231.084
-13.9693 -228.953
-13.9687 -226.841
-13.9681 -224.749
-13.9675 -222.676
-13.9669 -220.621
-13.9663 -218.586
-13.9657 -216.569
-13.965 -214.57
-13.9644 -212.59
-13.9637 -210.627
-13.9631 -208.683
-13.9624 -206.756
-13.9617 -204.846
-13.961 -202.954
-13.9602 -201.08
-13.9595 -199.222
-13.9588 -197.381
-13.958 -195.557
-13.9572 -193.75
-13.9564 -191.959
-13.9556 -190.184
-13.9548 -188.426
-13.9539 -186.683
-13.9531 -184.956
-13.9522 -183.245
-13.9513 -181.55
-13.9504 -179.87
-13.9495 -178.205
-13.9486 -176.555
-13.9476 -174.92
-13.9467 -173.3
-13.9457 -171.695
-13.9447 -170.104
-13.9436 -168.528
-13.9426 -166.966
-13.9415 -165.419
-13.9404 -163.885
-13.9393 -162.365
-13.9382 -160.859
-13.9371 -159.367
-13.9359 -157.888
-13.9347 -156.422
-13.9335 -154.97
-13.9323 -153.531
-13.931 -152.105
-13.9298 -150.692
-13.9285 -149.292
-13.9271 -147.904
-13.9258 -146.529
-13.9244 -145.166
-13.923 -143.816
-13.9216 -142.478
-13.9201 -141.152
-13.9187 -139.838
-13.9172 -138.535
-13.9156 -137.245
-13.9141 -135.966
-13.9125 -134.699
-13.9109 -133.443
-13.9092 -132.199
-13.9075 -130.965
-13.9058 -129.743
-13.9041 -128.532
-13.9023 -127.332
-13.9005 -126.142
-13.8987 -124.963
-13.8968 -123.795
-13.8949 -122.638
-13.8929 -121.49
-13.891 -120.353
-13.889 -119.227
-13.8869 -118.11
-13.8848 -117.004
-13.8827 -115.907
-13.8805 -114.82
-13.8783 -113.743
-13.8761 -112.676
-13.8738 -111.618
-13.8715 -110.57
-13.8691 -109.531
-13.8667 -108.501
-13.8642 -107.481
-13.8617 -106.469
-13.8592 -105.467
-13.8566 -104.474
-13.8539 -103.489
-13.8513 -102.514
-13.8485 -101.547
-13.8457 -100.588
-13.8429 -99.6387
-13.84 -98.6974
-13.8371 -97.7644
-13.8341 -96.8398
-13.831 -95.9234
-13.8279 -95.0151
-13.8247 -94.115
-13.8215 -93.2228
-13.8182 -92.3385
-13.8149 -91.4621
-13.8115 -90.5935
-13.808 -89.7325
-13.8045 -88.8792
-13.8009 -88.0334
-13.7973 -87.1952
-13.7935 -86.3643
-13.7897 -85.5408
-13.7859 -84.7245
-13.782 -83.9155
-13.778 -83.1135
-13.7739 -82.3187
-13.7698 -81.5308
-13.7655 -80.7499
-13.7612 -79.9759
-13.7569 -79.2087
-13.7524 -78.4482
-13.7479 -77.6943
-13.7433 -76.9471
-13.7386 -76.2065
-13.7338 -75.4723
-13.7289 -74.7445
-13.724 -74.0231
-13.719 -73.3081
-13.7138 -72.5992
-13.7086 -71.8966
-13.7033 -71.2
-13.6979 -70.5096
-13.6924 -69.8251
-13.6868 -69.1466
-13.6811 -68.474
-13.6752 -67.8073
-13.6693 -67.1463
-13.6633 -66.491
-13.6572 -65.8414
-13.651 -65.1975
-13.6446 -64.5591
-13.6382 -63.9262
-13.6316 -63.2987
-13.6249 -62.6767
-13.6181 -62.0601
-13.6112 -61.4487
-13.6041 -60.8426
-13.5969 -60.2417
-13.5896 -59.6459
-13.5822 -59.0553
-13.5747 -58.4697
-13.567 -57.8891
-13.5591 -57.3134
-13.5512 -56.7427
-13.5431 -56.1768
-13.5348 -55.6158
-13.5264 -55.0595
-13.5179 -54.508
-13.5092 -53.9611
-13.5004 -53.4188
-13.4914 -52.8812
-13.4822 -52.3481
-13.4729 -51.8195
-13.4635 -51.2953
-13.4538 -50.7756
-13.444 -50.2602
-13.4341 -49.7492
-13.4239 -49.2425
-13.4136 -48.74
-13.4031 -48.2417
-13.3925 -47.7476
-13.3816 -47.2576
-13.3706 -46.7717
-13.3593 -46.2898
-13.3479 -45.812
-13.3363 -45.3381
-13.3245 -44.8682
-13.3125 -44.4021
-13.3002 -43.94
-13.2878 -43.4816
-13.2752 -43.027
-13.2623 -42.5762
-13.2493 -42.1291
-13.236 -41.6856
-13.2225 -41.2458
-13.2087 -40.8096
-13.1948 -40.377
-13.1806 -39.9479
-13.1661 -39.5224
-13.1515 -39.1003
-13.1366 -38.6816
-13.1214 -38.2663
-13.106 -37.8545
-13.0903 -37.4459
-13.0744 -37.0407
-13.0582 -36.6388
-13.0417 -36.2401
-13.025 -35.8446
-13.008 -35.4524
-12.9908 -35.0633
-12.9732 -34.6773
-12.9554 -34.2944
-12.9373 -33.9146
-12.9189 -33.5378
-12.9002 -33.1641
-12.8812 -32.7934
-12.8618 -32.4256
-12.8422 -32.0607
-12.8223 -31.6988
-12.8021 -31.3397
-12.7815 -30.9836
-12.7606 -30.6302
-12.7394 -30.2796
-12.7179 -29.9319
-12.696 -29.5869
-12.6738 -29.2446
-12.6512 -28.905
-12.6283 -28.5682
-12.6051 -28.2339
-12.5815 -27.9024
-12.5575 -27.5734
-12.5332 -27.2471
-12.5085 -26.9233
-12.4834 -26.6021
-12.4579 -26.2834
-12.4321 -25.9672
-12.4059 -25.6535
-12.3793 -25.3423
-12.3523 -25.0335
-12.3249 -24.7272
-12.2971 -24.4232
-12.2689 -24.1217
-12.2403 -23.8226
-12.2113 -23.5258
-12.1819 -23.2313
-12.152 -22.9392
-12.1218 -22.6493
-12.091 -22.3618
-12.0599 -22.0765
-12.0283 -21.7935
-11.9963 -21.5127
-11.9639 -21.2342
-11.931 -20.9578
-11.8976 -20.6837
-11.8638 -20.4117
-11.8296 -20.1419
-11.7949 -19.8742
-11.7597 -19.6087
-11.724 -19.3453
-11.6879 -19.084
-11.6513 -18.8248
-11.6142 -18.5676
-11.5767 -18.3126
-11.5387 -18.0596
-11.5001 -17.8087
-11.4611 -17.5598
-11.4217 -17.3129
-11.3817 -17.068
-11.3412 -16.8252
-11.3002 -16.5843
-11.2588 -16.3454
-11.2168 -16.1085
-11.1743 -15.8736
-11.1313 -15.6406
-11.0879 -15.4096
-11.0439 -15.1805
-10.9994 -14.9533
-10.9544 -14.7281
-10.9088 -14.5047
-10.8628 -14.2833
-10.8163 -14.0638
-10.7692 -13.8462
-10.7217 -13.6304
-10.6736 -13.4165
-10.625 -13.2045
-10.5759 -12.9944
-10.5263 -12.7861
-10.4762 -12.5797
-10.4256 -12.3752
-10.3744 -12.1725
-10.3228 -11.9716
-10.2706 -11.7725
-10.218 -11.5753
-10.1648 -11.3799
-10.1111 -11.1863
-10.057 -10.9946
-10.0023 -10.8046
-9.94719 -10.6165
-9.89156 -10.4302
-9.83544 -10.2456
-9.77883 -10.0629
-9.72175 -9.88198
-9.66419 -9.70283
-9.60615 -9.52547
-9.54765 -9.3499
-9.48869 -9.1761
-9.42927 -9.00409
-9.3694 -8.83385
-9.30908 -8.66539
-9.24832 -8.49869
-9.18713 -8.33377
-9.1255 -8.17061
-9.06346 -8.00921
-9.00099 -7.84958
-8.93812 -7.6917
-8.87485 -7.53558
-8.81117 -7.38122
-8.74712 -7.2286
-8.68268 -7.07773
-8.61787 -6.92861
-8.5527 -6.78124
-8.48718 -6.6356
-8.42131 -6.49171
-8.3551 -6.34955
-8.28856 -6.20912
-8.22171 -6.07042
-8.15455 -5.93345
-8.0871 -5.79821
-8.01935 -5.66469
-7.95133 -5.53289
-7.88304 -5.4028
-7.81449 -5.27443
-7.7457 -5.14776
-7.67668 -5.0228
-7.60743 -4.89954
-7.53798 -4.77798
-7.46832 -4.65811
-7.39848 -4.53993
-7.32846 -4.42343
-7.25828 -4.30862
-7.18795 -4.19548
-7.11748 -4.08401
-7.04689 -3.97421
-6.97618 -3.86606
-6.90538 -3.75957
-6.83449 -3.65473
-6.76352 -3.55153
-6.69249 -3.44997
-6.62142 -3.35004
-6.55031 -3.25173
-6.47918 -3.15503
-6.40805 -3.05995
-6.33692 -2.96647
-6.26581 -2.87458
-6.19474 -2.78427
-6.12371 -2.69555
-6.05275 -2.6084
-5.98185 -2.5228
-5.91105 -2.43876
-5.84035 -2.35626
-5.76976 -2.2753
-5.6993 -2.19586
-5.62898 -2.11794
-5.55882 -2.04152
-5.48883 -1.96659
-5.41902 -1.89315
-5.3494 -1.82118
-5.28 -1.75067
-5.21081 -1.68162
-5.14186 -1.614
-5.07316 -1.54781
-5.00471 -1.48303
-4.93654 -1.41966
-4.86865 -1.35768
-4.80106 -1.29707
-4.73377 -1.23783
-4.66681 -1.17994
-4.60018 -1.12339
-4.53389 -1.06817
-4.46796 -1.01426
-4.4024 -0.961641
-4.33721 -0.910309
-4.27241 -0.860246
-4.208 -0.811437
-4.14401 -0.763869
-4.08043 -0.717526
-4.01729 -0.672394
-3.95458 -0.628457
-3.89231 -0.585701
-3.83051 -0.544109
-3.76917 -0.503667
-3.7083 -0.46436
-3.64791 -0.42617
-3.58802 -0.389084
-3.52862 -0.353084
-3.46973 -0.318155
-3.41135 -0.284281
-3.35349 -0.251446
-3.29616 -0.219633
-3.23936 -0.188828
-3.18309 -0.159012
-3.12738 -0.13017
-3.07221 -0.102286
-3.0176 -0.0753434
-2.96355 -0.0493258
-2.91006 -0.0242167
-2.85714 2.90017e-16
-2.8048 0.0233408
-2.75303 0.045822
-2.70185 0.0674599
-2.65125 0.0882707
-2.60124 0.108271
-2.55182 0.127476
-2.50299 0.145903
-2.45475 0.163568
-2.40712 0.180486
-2.36008 0.196674
-2.31364 0.212148
-2.2678 0.226923
-2.22257 0.241014
-2.17793 0.254439
-2.1339 0.267211
-2.09048 0.279347
-2.04765 0.290861
-2.00543 0.30177
-1.96381 0.312087
-1.92279 0.321828
-1.88238 0.331007
-1.84256 0.33964
-1.80333 0.34774
-1.76471 0.355322
-1.72667 0.3624
-1.68923 0.368989
-1.65238 0.375101
-1.61611 0.38075
-1.58043 0.385951
-1.54533 0.390716
-1.5108 0.395059
-1.47685 0.398992
-1.44347 0.402528
-1.41066 0.40568
-1.37841 0.408461
-1.34672 0.410882
-1.31559 0.412956
-1.28501 0.414693
-1.25497 0.416107
-1.22548 0.417209
-1.19652 0.418009
-1.1681 0.418518
-1.1402 0.418749
-1.11283 0.41871
-1.08598 0.418413
-1.05964 0.417868
-1.0338 0.417085
-1.00847 0.416073
-0.983639 0.414843
-0.959295 0.413403
-0.935437 0.411763
-0.912059 0.409932
-0.889155 0.407919
-0.866719 0.405732
-0.844745 0.40338
-0.823228 0.40087
-0.802162 0.398212
-0.78154 0.395412
-0.761356 0.392478
-0.741605 0.389418
-0.72228 0.386238
-0.703376 0.382947
-0.684885 0.37955
-0.666803 0.376054
-0.649122 0.372466
-0.631837 0.368792
-0.614942 0.365038
-0.598429 0.36121
-0.582294 0.357313
-0.56653 0.353354
-0.551131 0.349337
-0.536091 0.345267
-0.521403 0.34115
-0.507062 0.336991
-0.493061 0.332794
-0.479395 0.328563
-0.466058 0.324304
-0.453043 0.320019
-0.440344 0.315714
-0.427957 0.311392
-0.415874 0.307057
-0.404091 0.302712
-0.392601 0.298361
-0.381399 0.294008
-0.370479 0.289655
-0.359835 0.285305
-0.349462 0.280961
-0.339355 0.276627
-0.329507 0.272304
-0.319914 0.267996
-0.310571 0.263704
-0.301471 0.259431
-0.292611 0.25518
-0.283984 0.250952
-0.275586 0.246748
-0.267411 0.242572
-0.259456 0.238425
-0.251714 0.234308
-0.244181 0.230224
-0.236853 0.226173
-0.229724 0.222156
-0.222791 0.218176
-0.216048 0.214233
-0.209491 0.210329
-0.203116 0.206464
-0.196919 0.202639
-0.190895 0.198856
-0.18504 0.195116
-0.17935 0.191418
-0.173821 0.187763
-0.168449 0.184153
-0.16323 0.180588
-0.158161 0.177068
-0.153237 0.173593
-0.148456 0.170165
-0.143812 0.166783
-0.139304 0.163447
-0.134927 0.160159
-0.130678 0.156918
-0.126554 0.153723
-0.122551 0.150576
-0.118667 0.147477
-0.114898 0.144424
-0.11124 0.141419
-0.107692 0.138462
-0.10425 0.135551
-0.100912 0.132687
-0.0976739 0.12987
-0.0945338 0.1271
-0.0914887 0.124376
-0.0885362 0.121699
-0.0856737 0.119067
-0.0828986 0.116481
-0.0802086 0.11394
-0.0776012 0.111444
-0.0750741 0.108992
-0.0726252 0.106585
-0.070252 0.104222
-0.0679526 0.101902
-0.0657248 0.0996253
-0.0635665 0.097391
-0.0614757 0.0951988
-0.0594505 0.0930483
-0.0574889 0.090939
-0.0555892 0.0888703
-0.0537495 0.0868419
-0.051968 0.0848533
-0.0502431 0.0829038
-0.048573 0.0809931
-0.0469561 0.0791206
-0.0453909 0.0772858
-0.0438758 0.0754881
-0.0424092 0.0737271
-0.0409898 0.0720022
-0.0396161 0.0703129
-0.0382868 0.0686587
-0.0370003 0.0670389
-0.0357556 0.0654532
-0.0345513 0.0639008
-0.0333861 0.0623814
-0.0322588 0.0608944
-0.0311684 0.0594393
-0.0301136 0.0580155
-0.0290933 0.0566224
-0.0281065 0.0552597
-0.0271521 0.0539266
-0.0262291 0.0526229
-0.0253366 0.0513478
-0.0244735 0.0501009
-0.023639 0.0488817
-0.0228321 0.0476897
-0.0220519 0.0465244
-0.0212977 0.0453853
-0.0205686 0.0442719
-0.0198637 0.0431837
-0.0191824 0.0421202
-0.0185239 0.041081
-0.0178873 0.0400656
-0.0172721 0.0390735
-0.0166776 0.0381042
-0.016103 0.0371574
-0.0155477 0.0362326
-0.0150112 0.0353292
-0.0144927 0.0344469
-0.0139918 0.0335853
-0.0135077 0.032744
-0.0130401 0.0319224
-0.0125883 0.0311202
-0.0121518 0.0303371
-0.0117301 0.0295725
-0.0113228 0.0288261
-0.0109294 0.0280975
-0.0105493 0.0273864
-0.0101822 0.0266923
-0.00982767 0.026015
-0.00948523 0.0253539
-0.00915451 0.0247088
-0.00883511 0.0240794
-0.00852666 0.0234652
-0.00822879 0.022866
-0.00794115 0.0222813
-0.0076634 0.021711
-0.0073952 0.0211546
-0.00713624 0.0206119
-0.0068862 0.0200825
-0.00664479 0.0195661
-0.00641172 0.0190625
-0.00618669 0.0185713
-0.00596945 0.0180923
-0.00575973 0.0176252
-0.00555727 0.0171697
-0.00536183 0.0167255
-0.00517316 0.0162924
-0.00499105 0.0158702
-0.00481526 0.0154585
-0.00464558 0.0150571
-0.00448181 0.0146658
-0.00432374 0.0142843
-0.00417117 0.0139125
-0.00402393 0.01355
-0.00388182 0.0131966
-0.00374467 0.0128523
-0.00361231 0.0125166
-0.00348457 0.0121894
-0.0033613 0.0118706
-0.00324235 0.0115598
-0.00312756 0.011257
-0.00301679 0.0109619
-0.00290991 0.0106743
-0.00280677 0.0103941
-0.00270726 0.010121
-0.00261124 0.00985496
-0.00251859 0.00959573
-0.00242919 0.00934314
-0.00234294 0.00909705
-0.00225973 0.0088573
-0.00217944 0.00862372
-0.00210199 0.00839616
-0.00202726 0.00817448
-0.00195516 0.00795852
-0.00188561 0.00774815
-0.00181852 0.00754323
-0.00175379 0.00734362
-0.00169134 0.00714918
-0.00163111 0.0069598
-0.001573 0.00677533
-0.00151695 0.00659566
-0.00146288 0.00642067
-0.00141072 0.00625024
-0.00136041 0.00608426
-0.00131188 0.0059226
-0.00126508 0.00576517
-0.00121993 0.00561185
-0.00117638 0.00546255
-0.00113437 0.00531715
-0.00109386 0.00517556
-0.00105478 0.00503768
-0.00101709 0.00490342
-0.000980745 0.00477269
-0.000945687 0.00464539
-0.000911875 0.00452143
-0.000879265 0.00440074
-0.000847814 0.00428323
-0.000817483 0.00416881
-0.00078823 0.0040574
-0.00076002 0.00394894
-0.000732813 0.00384333
-0.000706576 0.00374052
-0.000681273 0.00364042
-0.000656872 0.00354297
-0.000633341 0.0034481
-0.000610648 0.00335573
-0.000588765 0.00326582
-0.000567663 0.00317828
-0.000547314 0.00309307
-0.000527691 0.00301011
-0.000508768 0.00292936
-0.000490521 0.00285075
-0.000472926 0.00277423
-0.00045596 0.00269974
-0.000439599 0.00262723
-0.000423824 0.00255665
-0.000408612 0.00248795
-0.000393944 0.00242108
-0.000379801 0.00235599
-0.000366164 0.00229263
-0.000353015 0.00223096
-0.000340336 0.00217094
-0.000328111 0.00211252
-0.000316324 0.00205565
-0.000304958 0.00200031
-0.000294 0.00194644
-0.000283434 0.00189401
-0.000273247 0.00184299
-0.000263425 0.00179332
-0.000253955 0.00174499
-0.000244824 0.00169795
-0.00023602 0.00165217
-0.000227533 0.00160761
-0.000219349 0.00156425
-0.000211459 0.00152205
-0.000203852 0.00148098
-0.000196518 0.00144101
-0.000189448 0.00140211
-0.000182631 0.00136426
-0.000176058 0.00132742
-0.000169722 0.00129157
-0.000163613 0.00125668
-0.000157723 0.00122273
-0.000152045 0.00118969
-0.000146571 0.00115754
-0.000141294 0.00112625
-0.000136206 0.00109581
-0.000131301 0.00106618
-0.000126572 0.00103735
-0.000122013 0.0010093
-0.000117618 0.000981996
-0.000113381 0.000955431
-0.000109296 0.000929582
-0.000105359 0.000904428
-0.000101562 0.000879951
-9.79027e-05 0.000856134
-9.43746e-05 0.000832959
-9.09735e-05 0.000810409
-8.76947e-05 0.000788466
-8.45338e-05 0.000767115
-8.14867e-05 0.000746339
-7.85493e-05 0.000726124
-7.57176e-05 0.000706454
-7.29878e-05 0.000687315
-7.03562e-05 0.000668693
-6.78194e-05 0.000650573
-6.53739e-05 0.000632942
-6.30165e-05 0.000615787
-6.07439e-05 0.000599096
-5.85532e-05 0.000582855
-5.64414e-05 0.000567053
-5.44056e-05 0.000551679
-5.24432e-05 0.000536719
-5.05514e-05 0.000522164
-4.87278e-05 0.000508002
-4.69699e-05 0.000494223
-4.52753e-05 0.000480817
-4.36418e-05 0.000467773
-4.20672e-05 0.000455082
-4.05493e-05 0.000442735
-3.90861e-05 0.000430721
-3.76757e-05 0.000419033
-3.6316e-05 0.000407661
-3.50054e-05 0.000396596
-3.37421e-05 0.000385831
-3.25243e-05 0.000375358
-3.13503e-05 0.000365168
-3.02188e-05 0.000355254
-2.9128e-05 0.000345608
-2.80765e-05 0.000336224
-2.7063e-05 0.000327094
-2.6086e-05 0.000318211
-2.51443e-05 0.000309569
-2.42365e-05 0.000301161
-2.33615e-05 0.000292981
-2.2518e-05 0.000285023
-2.1705e-05 0.00027728
-2.09213e-05 0.000269748
-2.01658e-05 0.000262419
-1.94376e-05 0.000255289
-1.87357e-05 0.000248353
-1.80591e-05 0.000241604
-1.7407e-05 0.000235039
-1.67783e-05 0.000228652
-1.61724e-05 0.000222438
-1.55883e-05 0.000216392
-1.50253e-05 0.000210511
-1.44826e-05 0.000204789
-1.39595e-05 0.000199222
